g++ -g -Wall -std=c++11 -I/opt/vc/include -c process.C -o process.o
g++ process.o image.o jpeg.o regression.o -g -Wall -lstdc++ -ljpeg -o process
rm -f d.jpg
./process ../ccampics/a/10.dump ../ccampics/b/010.dump d.jpg
LoadDump: 640 x 480 : 3
lines=1845
479: [135,150,132]
478: [134,149,131]
477: [133,147,129]
476: [129,143,125]
475: [126,138,123]
474: [121,133,118]
473: [119,130,115]
472: [118,129,114]
471: [153,167,156] 421 [126,137,123]
470: [125,134,121] 386 [156,169,158] 421 [128,139,125]
469: [123,130,117] 386 [151,166,154] 480 [131,142,128]
468: [133,142,129] 387 [151,165,153] 480 [134,145,131]
467: [136,142,132] 243 [135,143,131] 387 [128,140,126]
466: [129,135,124] 243 [131,142,128]
465: [135,141,130] 244 [132,143,129]
464: [132,139,128] 318 [151,162,150] 376 [119,124,113] 389 [133,144,130]
463: [131,137,126] 317 [149,159,148] 376 [119,125,114] 390 [132,144,130]
462: [143,150,138] 303 [110,113,103] 318 [140,153,140]
461: [143,150,138] 303 [107,110,100] 318 [140,152,139]
460: [142,148,137] 303 [107,109, 99] 318 [140,152,139]
459: [142,148,137] 303 [110,111,100] 320 [142,155,143]
458: [148,154,143] 303 [111,112,101] 321 [139,150,139]
457: [147,153,143] 302 [113,114,104] 323 [140,151,140] 633 [123,133,123]
456: [148,154,144] 302 [118,123,112] 331 [142,153,142] 633 [123,133,123]
455: [142,146,136] 229 [149,155,145] 302 [112,113,104] 331 [142,153,143] 633 [124,133,123]
454: [142,147,137] 230 [111,112,102] 330 [141,153,142]
453: [126,128,118] 327 [141,153,142]
452: [142,147,138] 137 [175,181,175] 148 [135,138,129] 328 [141,153,142]
451: [141,152,142]
450: [131,134,124] 220 [132,137,128] 300 [165,172,162] 316 [124,127,118] 328 [141,152,142]
449: [142,146,140] 150 [167,176,170] 162 [132,133,124] 220 [124,127,117] 299 [170,177,169] 316 [126,131,122] 329 [141,152,142]
448: [167,175,169] 160 [117,120,110] 299 [171,178,170] 315 [141,152,143]
447: [181,195,190]   3 [139,142,134] 146 [171,179,172] 160 [130,131,121] 299 [144,155,146]
446: [184,198,193]   4 [139,141,134] 146 [140,143,134] 225 [172,180,172] 243 [142,153,144]
445: [184,194,188]   4 [139,141,133] 146 [140,142,133] 225 [170,178,170] 244 [140,145,135] 382 [142,153,143]
444: [159,168,162]  90 [139,142,134] 146 [140,142,133] 226 [139,144,134] 382 [142,153,144]
443: [161,169,164]  90 [141,143,136] 145 [143,148,138] 382 [141,152,142]
442: [129,134,129]  16 [142,154,145]
441: [145,148,141] 152 [142,153,144]
440: [148,151,144] 153 [138,149,140]
439: [148,152,145] 154 [179,186,179] 165 [134,144,134]
438: [172,179,172] 165 [141,152,143]
437: [168,176,171]   7 [171,180,175]  85 [132,142,133]
436: [167,175,170]  13 [130,133,125] 172 [131,140,131]
435: [169,179,175]  14 [160,164,158] 158 [124,124,116] 172 [128,136,125]
434: [170,180,177]  15 [145,150,144]  80 [107,110,104]  94 [155,160,154] 157 [123,123,116] 173 [131,140,131]
433: [166,175,171]  15 [149,155,149]  81 [107,108,102]  94 [129,137,128]
432: [146,152,145]  82 [111,111,105]  95 [124,132,123]
431: [116,117,113]  22 [144,149,142]  82 [114,114,108]  95 [124,132,122]
430: [140,150,141]   2 [102,103, 99]  22 [119,119,112]  96 [124,132,122]
429: [142,152,144]   2 [102,101, 96]  23 [130,132,126]  96 [126,134,125]
428: [146,157,149]   2 [107,106,100]  24 [127,129,122]  96 [126,134,125]
427: [145,156,147]   2 [112,111,103]  25 [128,137,128]
426: [167,177,174]   3 [115,113,105]  25 [173,179,174]  36 [121,130,121]
425: [162,172,168]   3 [117,117,109]  26 [173,179,174]  37 [122,130,122]
424: [143,153,149]   4 [118,118,110]  26 [168,174,169]  37 [127,135,126]
423: [127,135,125]
422: [129,128,121]  32 [126,134,125]
421: [126,134,124]
420: [125,133,124]
419: [155,160,151] 392 [126,133,124]
418: [159,165,156] 392 [124,131,122]
417: [138,144,134] 404 [130,139,130]
416: [131,139,130]
415: [165,174,166] 420 [132,140,131]
414: [144,153,145] 420 [126,133,124]
413: [162,170,161] 407 [127,134,125]
412: [142,145,137] 292 [148,155,147] 414 [127,134,125]
411: [173,179,172] 399 [130,139,129]
410: [177,185,177] 271 [178,184,177] 399 [127,128,118] 435 [130,139,129]
409: [148,151,141] 240 [168,173,165] 399 [121,130,120]
408: [174,180,171] 251 [138,143,134] 262 [121,129,120]
407: [120,128,119]
406: [119,128,119]
405: [118,127,117]
404: [128,131,123] 190 [142,145,137] 320 [130,138,129]
403: [117,116,108] 190 [178,182,172] 201 [145,147,136] 249 [135,144,135]
402: [138,138,129] 191 [178,182,173] 202 [143,145,135] 249 [132,129,120] 337 [136,145,136]
401: [144,145,135] 250 [143,143,133] 399 [136,146,136]
400: [133,134,124] 250 [137,146,137]
399: [141,144,137] 111 [173,179,172] 123 [136,146,136]
398: [146,150,144] 112 [180,187,180] 123 [149,151,142] 175 [177,183,174] 189 [151,153,144] 324 [158,164,156] 429 [116,121,111] 444 [136,146,137]
397: [147,151,144] 106 [179,186,178] 123 [169,174,165] 190 [149,152,144] 430 [120,125,115] 455 [128,137,128]
396: [141,144,138]  40 [146,149,143] 106 [163,164,156] 371 [156,163,155] 413 [109,114,104] 455 [128,137,127]
395: [139,142,136]  40 [163,166,158] 322 [136,124,118] 347 [167,168,160] 362 [144,130,125] 413 [106,100, 90] 455 [131,141,131]
394: [134,137,132]  40 [157,160,152] 322 [113,101, 95] 347 [162,164,155] 359 [119,105,100] 412 [ 85, 56, 52] 436 [106,105, 94] 456 [135,145,135]
393: [165,172,167]  64 [147,146,138] 323 [101, 79, 74] 347 [145,142,134] 359 [105, 74, 72] 411 [ 89, 41, 40] 436 [102, 99, 89] 456 [125,134,124]
392: [164,168,158] 310 [100, 95, 88] 323 [ 88, 67, 62] 348 [119,116,109] 360 [ 84, 46, 43] 440 [102,101, 92] 457 [135,145,135]
391: [163,169,161] 118 [171,173,165] 310 [129, 70, 75] 360 R[118, 27, 39] 431 [ 92, 76, 68] 457 [126,135,125]

390: [167,174,166]                   118 [172,175,167]                                     310 R[115, 25, 37] 431 [ 88, 72, 64] 458 [122,131,120]
389: [135,137,131]  36 [164,165,156]                                                       310 R[117, 26, 39] 431 [ 71, 41, 34] 447 [105,106, 97] 458 [123,132,121] 635 [115,126,117]
388: [131,133,126]  37 [141,141,131]                   199 [160,161,152]                   310 R[115, 24, 37] 431 [ 65, 31, 25] 444 [ 95, 93, 83] 457 [129,138,128] 634 [118,129,120]
387: [159,159,150]                                                                         310 R[126, 17, 36] 432 [ 63, 29, 23] 445 [ 95, 92, 82] 457 [127,136,126]
386: [137,141,135]  38 [148,147,137]                                     296 [179,180,172] 310 R[126, 17, 35] 431 [ 63, 27, 22] 445 [ 93, 89, 80] 457 [118,127,117] 501 [126,135,125]
385: [139,143,137]  38 [147,148,137]                                     295 [188,190,182] 309 R[126, 16, 35] 431 [ 61, 24, 20] 444 [ 90, 85, 76] 457 [141,151,142] 488 [114,121,110] 502 [125,134,124]
384: [142,146,141]  38 [154,155,145]                                     295 [191,193,185] 309 R[126, 16, 35] 431 [ 61, 23, 19] 444 [105,105, 95] 466 [148,159,150] 488 [111,119,108] 502 [123,132,122]
383: [133,136,127]  67 [157,161,150]                                     295 [188,190,182] 310 R[127, 15, 34] 431 [ 58, 24, 19] 444 [105,104, 94] 466 [148,160,150] 488 [122,133,123]
382: [149,153,146]  46 [111,112,105]  58 [180,181,173]                                     309 R[127, 15, 34] 431 [ 58, 24, 19] 444 [105,104, 94] 466 [148,160,150] 487 [125,136,126]
381: [149,153,147]  46 [112,112,104]  59 [183,184,176]                                     309 R[127, 15, 34] 432 [ 56, 24, 18] 444 [111,113,104] 471 [150,162,151] 487 [123,134,124] 630 [133,145,135]
380: [184,186,178]                                                                         309 R[127, 15, 34] 432 [ 56, 24, 18] 444 [114,115,106] 471 [148,159,149] 486 [124,135,125] 630 [133,146,136]
379: [187,189,181]                                                                         309 R[127, 15, 34] 432 [ 59, 22, 17] 443 [113,115,106] 471 [144,155,144] 485 [121,131,120] 630 [132,145,134]
378: [123,128,117]  68 [183,184,176]                                                       310 R[127, 14, 33] 432 [ 61, 24, 19] 444 [106,105, 95] 461 [127,138,127] 631 [127,141,129]
377: [180,179,171]                                                                         310 R[127, 14, 33] 432 [ 62, 25, 20] 444 [107,106, 97] 460 [128,138,128]
376: [119,124,118]  11 [179,179,171]                                                       309 R[127, 14, 33] 432 [ 63, 26, 21] 444 [108,107, 98] 460 [124,134,124]
375: [173,175,167]                                                                         310 R[127, 13, 32] 432 [ 64, 27, 22] 444 [108,106, 96] 460 [126,136,126]
374: [140,149,135]                    79 [174,177,168]                                     310 R[127, 13, 32] 432 [ 64, 27, 22] 444 [107,107, 96] 461 [127,137,128]
373: [117,128,111]                    79 [141,152,141] 109 [177,179,170]                   310 R[128, 13, 32] 432 [ 63, 25, 20] 443 [106,106, 95] 462 [128,138,129]
372: [144,148,140]  66 [ 86, 97, 80]  79 [128,138,127] 110 [177,181,172]                   310 R[128, 13, 32] 432 [ 63, 25, 20] 443 [110,110, 99] 463 [132,143,134]
371: [142,149,139]  66 [ 61, 88, 47]  79 [104,118, 93] 108 [136,148,129] 134 [172,172,163] 310 R[129, 12, 32] 432 [ 64, 25, 21] 443 [ 98, 92, 83] 454 [130,141,131]
370: [147,153,143]  59 [ 79, 92, 68] 108 [105,116, 98] 135 [136,137,126] 191 [164,164,155] 310 R[129, 12, 32] 432 [ 65, 26, 22] 443 [100, 94, 85] 454 [126,137,126]
369: [145,150,143]  60 [ 78, 87, 66]                   134 [166,172,161] 279 [160,159,150] 310 R[129, 12, 32] 432 [ 77, 49, 43] 450 [122,132,122]
368: [147,152,144]  60 [ 60, 72, 48]                   134 [171,170,161]                   310 R[129, 12, 32] 432 [ 80, 53, 48] 451 [124,134,124]
367: [144,149,140]  60 [ 55, 99, 36] 141 [103,115, 88] 156 [174,174,165]                   310 R[130, 12, 31] 432 [ 80, 56, 50] 451 [126,136,125]
366: [142,147,138]  60 [ 59, 98, 41]                   156 [145,147,137] 287 [176,176,167] 310 R[130, 12, 31] 432 [ 81, 57, 51] 451 [126,137,126]
365: [140,144,136]  60 [ 54,103, 34] 141 [ 49, 66, 31] 156 [102,108, 88] 167 [168,174,163] 212 [166,170,160] 276 [133,135,125] 287 [177,177,168] 310 R[130, 12, 31] 432 [ 84, 62, 55] 452 [125,136,125]
364: [138,142,134]  60 [ 54, 98, 34] 156 [ 81, 87, 67] 167 [135,137,126] 202 [175,183,172] 213 [175,175,166] 310 R[130, 12, 31] 432 [ 74, 39, 34] 444 [130,141,131]
363: [138,143,134]  59 [ 50, 87, 32] 166 [113,121, 98] 188 [139,142,131] 203 [145,149,138] 290 [175,176,168] 310 R[131, 12, 31] 432 [ 77, 40, 37] 444 [131,143,132]
362: [138,143,134]  59 [ 75, 99, 58]                   178 [135,137,125] 203 [180,181,173] 310 R[130, 12, 31] 432 [ 86, 61, 55] 450 [131,143,132]
361: [137,142,133]  59 [ 59,100, 40]                   178 [184,186,177]                   310 R[130, 12, 31] 432 [ 86, 58, 53] 449 [124,135,124]
360: [137,142,134]  58 [ 55, 99, 35]                   176 [137,141,130] 212 [185,187,179] 310 R[131, 12, 31] 432 [ 82, 45, 40] 444 [127,133,122] 463 [130,142,131]
359: [138,144,134]  58 [ 48, 98, 28]                   177 [140,145,132] 212 [183,185,176] 310 R[131, 11, 31] 432 [ 84, 46, 43] 444 [120,131,120]
358: [140,146,137]  58 [ 48, 97, 28]                   178 [125,128,114] 192 [173,181,171] 204 [177,180,171] 310 R[131, 12, 32] 433 [ 84, 51, 46] 444 [125,137,126]
357: [140,146,136]  57 [ 46, 95, 25]                   178 [123,127,112] 193 [177,180,171] 310 R[127, 15, 32] 444 [125,137,126]
356: [143,148,140]  57 [ 46, 94, 25]                   179 [122,125,111] 194 [151,157,147] 285 [176,179,170] 310 R[127, 15, 32] 444 [129,140,130]
355: [136,143,133]  57 [ 46, 96, 24]                   179 [131,135,119] 201 [168,168,159] 310 R[128, 15, 32] 444 [129,141,130]
354: [137,143,134]  56 [ 46, 96, 25]                   179 [107,110, 91] 190 [164,163,154] 310 R[129, 14, 32] 443 [120,132,121]
353: [138,145,136]  56 [ 46, 97, 24]                   179 [109,112, 92] 190 [169,168,159] 310 R[129, 14, 32] 443 [117,121,111] 457 [118,129,118]
352: [121,125,118]  23 [140,148,137]  56 [ 45, 95, 23] 179 [133,137,123] 216 [169,171,161] 310 R[129, 14, 32] 443 [112,116,107] 457 [121,132,121]
351: [138,146,136]  56 [ 47, 97, 24]                   180 [171,174,163]                   310 R[133, 10, 31] 435 [103, 98, 88] 457 [123,134,123]
350: [140,148,138]  56 [ 50, 96, 27]                   183 [170,173,162]                   310 R[132, 11, 31] 437 [110,107, 97] 457 [124,135,124]
349: [141,149,137]  55 [ 43, 99, 22]                   183 [168,169,159]                   310 R[133, 11, 31] 437 [115,114,104] 458 [118,129,118]
348: [136,144,133]  55 [ 43, 99, 22]                   183 [167,171,161]                   310 R[133, 11, 31] 437 [114,124,113]
347: [131,133,124]  12 [135,142,130]  55 [ 43,100, 23] 188 [170,173,164]                   310 R[134, 10, 31] 437 [115,126,114]
346: [135,141,130]  55 [ 41, 99, 21]                   183 [170,171,162]                   310 R[135, 10, 32] 437 [121,132,120]
345: [127,132,121]  55 [ 40, 99, 20]                   183 [170,171,162]                   310 R[136, 10, 32] 435 [120,131,120]
344: [125,130,119]  55 [ 40, 98, 20]                   184 [172,173,164]                   310 R[134, 10, 31] 435 [120,131,119]
343: [126,131,119]  54 [ 41, 98, 20]                   184 [129,134,119] 203 [174,178,167] 310 R[138,  9, 32] 435 [121,131,120]
342: [128,132,120]  54 [ 41, 99, 20]                   184 [174,178,167]                   310 R[138,  9, 32] 435 [121,132,120]
341: [128,131,120]  54 [ 41, 99, 21]                   184 [114,116,100] 196 [172,176,165] 310 R[140, 10, 33] 435 [110,101, 92] 446 [118,129,117]
340: [129,132,121]  54 [ 41, 99, 21]                   184 [110,112, 96] 196 [170,172,162] 310 R[140, 10, 33] 435 [109,100, 91] 446 [119,131,119]
339: [129,134,122]  53 [ 64, 82, 44]                   187 [133,137,124] 207 [172,173,163] 310 [146,  8, 34] 435 [127,139,128]
338: [129,134,123]  52 [ 50, 94, 29]                   187 [135,139,126] 207 [169,171,160] 310 [147,  8, 35] 435 [128,140,129]
337: [128,132,121]  52 [ 64, 83, 44]                   187 [143,148,136] 285 [172,174,163] 310 [149,  8, 35] 435 [122,116,108] 446 [125,138,126]
336: [127,131,120]  52 [ 64, 83, 44]                   187 [164,165,154] 310 [150,  9, 36] 435 [124,119,111] 447 [126,139,128]
335: [127,131,119]  52 [ 61, 84, 41]                   183 [101,104, 85] 194 [167,169,158] 310 [163,  5, 37] 434 [126,113,106] 447 [133,146,134]
334: [128,131,120]  52 [ 37,102, 18] 167 [ 63, 84, 42] 184 [175,175,165] 310 [165,  7, 39] 434 [133,146,134]
333: [129,133,122]  51 [ 37,102, 18] 167 [ 64, 86, 44] 184 [129,134,120] 219 [181,181,171] 310 [172,  8, 43] 435 [131,144,133]
332: [131,134,123]  51 [ 37,102, 18] 167 [ 70, 87, 50] 189 [181,181,171] 310 [176, 12, 48] 435 [134,146,135]
331: [130,135,124]  51 [ 36,103, 17] 167 [ 69, 86, 49] 189 [176,177,168] 310 [196,  9, 59] 435 [132,145,134]
330: [128,133,122]  51 [ 36,103, 17] 167 [ 68, 85, 48] 189 [130,134,121] 211 [152,158,146] 272 [169,171,162] 310 [203, 16, 66] 435 [134,147,136]
329: [132,136,126]  46 [ 37,103, 19] 167 [ 67, 85, 48] 190 [132,136,123] 211 [168,167,158] 310 [211, 24, 75] 435 [119,132,121]
328: [133,137,126]  48 [ 36,102, 18] 166 [ 64, 85, 45] 187 [107,111, 94] 198 [166,166,156] 310 [217, 29, 80] 435 [130,123,115] 448 [130,144,132]
327: [129,138,123]  50 [ 33,103, 16] 164 [ 64, 85, 45] 187 [135,141,127] 218 [170,161,153] 310 [219, 27, 81] 432 [127, 98, 95] 443 [122,134,123]
326: [132,137,126]  50 [ 34,103, 16] 165 [ 65, 86, 46] 187 [128,133,119] 212 [159,158,148] 310 [217, 25, 79] 432 [128, 98, 96] 443 [120,132,121]
325: [132,138,127]  50 [ 33,103, 16] 165 [ 65, 88, 47] 187 [125,130,115] 214 [158,158,147] 310 [210, 22, 74] 432 [125,105,101] 445 [121,133,122]
324: [129,134,123]  50 [ 33,103, 16] 165 [ 67, 89, 49] 187 [123,128,113] 214 [164,163,153] 310 [217, 20, 77] 391 [244, 54,108] 402 [202, 16, 67] 432 [129,113,108] 447 [122,135,124]
323: [127,133,121]  49 [ 33,105, 15] 164 [ 68, 90, 51] 188 [168,162,153] 311 [222, 18, 78] 390 [238, 70,112] 401 [192, 15, 60] 432 [133,118,114] 445 [124,137,126]
322: [128,134,121]  50 [ 33,105, 15] 164 [ 69, 90, 51] 189 [169,163,154] 311 [221, 17, 78] 330 [224, 20, 80] 390 [228, 61,102] 401 [186,  9, 54] 432 [136,122,118] 445 [127,140,129]
321: [134,139,129]  44 [ 34,105, 17] 164 [ 68, 89, 50] 189 [120,126,110] 205 [170,165,156] 311 [182, 10, 51] 432 [126,139,128] 633 [112,127,117]
320: [134,139,128]  45 [ 34,105, 17] 164 [ 68, 88, 50] 190 [121,126,111] 206 [172,168,159] 311 [213, 11, 70] 391 [176,  6, 45] 431 [136,114,112] 442 [123,136,125]
319: [130,135,123]  47 [ 29,109, 14] 164 [ 68, 89, 51] 190 [117,122,106] 206 [157,161,150] 311 [220, 22, 79] 332 [187,  2, 46] 359 [221, 16, 77] 389 [174,  4, 40] 431 [122,136,125]
318: [130,135,123]  47 [ 30,110, 15] 164 [ 69, 89, 51] 191 [118,123,108] 206 [154,160,147] 311 [219, 20, 78] 330 [183,  0, 43] 359 [175,  4, 40] 431 [124,137,126]
317: [130,138,124]  48 [ 30,114, 14] 163 [ 69, 89, 51] 191 [155,160,148] 311 [183,  0, 41] 361 [174,  4, 40] 431 [133,126,119] 443 [125,138,126]
316: [129,135,122]  48 [ 32,111, 16] 163 [ 73, 91, 56] 197 [159,159,149] 311 [184,  0, 42] 362 [174,  4, 40] 431 [128,120,114] 443 [125,138,127]
315: [126,134,119]  48 [ 27,122, 14] 163 [ 74, 93, 58] 198 [161,158,149] 312 [184,  0, 41] 363 [173,  5, 42] 431 [124,120,112] 443 [136,150,138] 520 [125,137,126]
314: [129,139,122]  47 [ 31,126, 18] 163 [ 77, 95, 61] 200 [167,164,154] 312 [184,  0, 41] 363 [160, 14, 42] 433 [122,134,123]
313: [130,140,124]  47 [ 34,135, 21] 163 [ 79, 96, 63] 201 [171,170,160] 312 [184,  0, 40] 363 [162, 10, 41] 431 [122,134,123]
312: [130,137,122]  47 [ 46,159, 33] 122 [ 34,109, 18] 164 [ 80, 97, 64] 201 [169,169,159] 312 [184,  0, 41] 363 [165, 12, 44] 431 [123,135,124]
311: [129,153,123]  51 [ 61,192, 55] 122 [ 29,118, 17] 163 [ 80, 98, 64] 201 [161,156,147] 312 [185,  1, 43] 363 [179, 13, 52] 428 [134,114,110] 439 [122,135,124]
310: [128,152,122]  51 [ 77,208, 71] 122 [ 42,158, 34] 151 [ 34,121, 21] 163 [ 80, 98, 64] 200 [149,144,135] 312 [186,  1, 43] 362 [201,  3, 58] 396 [213, 37, 82] 407 [174, 12, 49] 428 [138,117,114] 439 [123,136,125]
309: [127,136,121]  51 [ 60,177, 57] 151 [ 36,131, 24] 163 [ 75, 97, 59] 192 [157,152,143] 312 [188,  2, 46] 362 [221, 45, 90] 407 [180, 14, 54] 427 [139,117,114] 439 [124,137,127]
308: [123,153,116]  52 [ 87,212, 86] 144 [ 55,165, 48] 159 [ 73,101, 56] 192 [175,174,164] 312 [199, 29, 71] 427 [141,119,116] 439 [128,141,130]
307: [127,145,120]  52 [ 65,186, 72] 157 [ 71,108, 57] 192 [165,169,157] 312 [203, 29, 74] 427 [124,137,126]
306: [123,141,116]  52 [ 71,205, 63] 134 [ 97,218,106] 157 [ 72,110, 59] 190 [164,165,154] 312 [194, 22, 66] 428 [123,136,126]
305: [119,139,111]  53 [ 74,185, 59]  66 [ 30,157, 16]  79 [ 89,214, 92] 158 [ 73,110, 60] 189 [163,163,153] 312 [223, 28, 84] 395 [191, 16, 60] 427 [117,129,119]
304: [116,136,109]  54 [ 73,185, 57]  65 [ 16,143,  4]  81 [ 68,200, 61] 157 [ 74,114, 61] 189 [168,164,155] 313 [222, 26, 82] 393 [189, 14, 58] 427 [116,128,117]
303: [121,141,115]  64 [ 16,139,  4]  89 [ 61,200, 50] 163 [ 75,103, 61] 188 [173,183,168] 199 [165,160,151] 313 [215, 30, 82] 331 [188, 13, 53] 427 [115,127,116]
302: [120,153,114]  64 [ 13,136,  2]  92 [ 66,199, 60] 163 [ 78,105, 63] 189 [169,179,166] 200 [161,157,148] 313 [214, 28, 81] 329 [220, 23, 79] 388 [188, 12, 52] 427 [115,127,116] 636 [  0,  0,  0]
301: [121,151,116]  64 [ 10,134,  1]  94 [ 54,198, 40] 127 [ 14,143,  4] 139 [ 62,198, 58] 163 [ 77,105, 62] 189 [161,157,147] 313 [213, 28, 80] 328 [192,  1, 47] 353 [220, 23, 79] 387 [188, 13, 52] 427 [115,127,115]
300: [123,154,117]  64 [  9,133,  1]  96 [ 53,199, 39] 123 [  6,137,  4] 139 [ 52,188, 48] 164 [ 78,105, 63] 189 [156,153,143] 314 [216, 25, 79] 326 [192,  2, 47] 354 [221, 24, 81] 386 [189, 13, 52] 427 [121,134,123]
299: [123,127,117]  31 [117,152,111]  63 [  9,133,  3]  98 [ 54,197, 43] 122 [ 10,137,  8] 147 [ 52,192, 44] 164 [ 74,107, 60] 187 [156,156,145] 314 [212, 26, 78] 326 [193,  1, 46] 354 [223, 25, 81] 386 [192, 13, 57] 424 [140,127,123] 439 [116,127,116] 632 [ 96,106, 98]
298: [117,151,112]  63 [  8,133,  3]  99 [ 47,187, 39] 131 [  4,130,  1] 149 [ 50,189, 42] 165 [ 76,106, 61] 187 [155,154,143] 314 [212, 27, 79] 325 [199,  5, 52] 354 [224, 27, 83] 386 [195, 16, 59] 424 [124,137,126] 632 [ 96,106, 98]
297: [123,127,118]  35 [131,153,126]  63 [  9,133,  3] 100 [ 25,149, 26] 152 [ 52,187, 44] 166 [ 77,106, 63] 187 [149,152,140] 314 [211, 26, 78] 326 [196, 17, 62] 424 [119,130,119] 632 [100,111,101]
296: [114,149,109]  63 [ 10,133,  4] 101 [ 52,194, 44] 125 [ 29,155, 30] 155 [ 55,190, 48] 166 [ 79,107, 64] 187 [163,155,146] 314 [211, 26, 78] 326 [225, 29, 84] 386 [197, 18, 63] 424 [113,125,114]
295: [117,138,113]  63 [ 12,133,  5] 101 [ 54,195, 47] 124 [105,212,114] 135 [  3,128,  0] 155 [ 53,188, 44] 167 [ 79,108, 65] 187 [163,158,149] 314 [200, 17, 67] 423 [114,127,116]
294: [112,136,107]  63 [ 15,137,  8] 102 [ 55,197, 48] 123 [115,218,124] 134 [  3,128,  0] 156 [ 51,186, 42] 167 [ 78,107, 63] 186 [161,148,141] 315 [206, 29, 77] 423 [118,129,118]
293: [175,187,178]   3 [121,143,118]  62 [ 24,145, 15] 102 [ 57,196, 48] 123 [ 98,197, 90] 134 [ 18,144, 11] 167 [ 78,108, 63] 186 [163,151,144] 315 [187, 19, 62] 423 [118,129,118]
292: [170,182,173]   4 [132,153,129]  62 [ 34,155, 24] 101 [ 65,198, 57] 126 [ 50,159, 40] 137 [ 17,144, 11] 168 [ 79,108, 65] 186 [171,169,159] 315 [209, 20, 72] 407 [179, 12, 55] 423 [127,127,118] 449 [116,127,116]
291: [135,158,132]  62 [ 86,188, 73]  81 [ 12,145,  6]  99 [ 64,195, 52] 126 [ 40,155, 26] 137 [  7,126,  0] 159 [ 52,177, 40] 170 [ 79,109, 64] 186 [173,176,166] 315 [199,  6, 56] 404 [169,  9, 44] 423 [117,127,117]
290: [132,143,129]  63 [ 83,189, 70]  83 [ 14,150,  9]  98 [ 62,194, 50] 125 [ 21,144, 12] 168 [ 77,114, 62] 186 [166,169,159] 315 [188,  0, 45] 359 [181,  4, 46] 423 [116,128,117]
289: [127,146,123]  63 [ 47,147, 30]  76 [ 63,196, 51] 125 [ 11,131,  3] 158 [ 51,185, 42] 169 [ 78,112, 62] 186 [160,161,151] 315 [181,  4, 45] 423 [117,128,118]
288: [128,149,124]  64 [ 26,126,  9]  78 [ 26,145, 15] 156 [ 52,182, 42] 170 [ 78,110, 62] 186 [162,164,154] 315 [182,  5, 46] 423 [117,128,117]
287: [133,146,131]  64 [ 24,149, 10]  98 [ 35,156, 21] 155 [ 49,189, 42] 171 [ 78,105, 63] 185 [166,165,154] 315 [191,  0, 43] 362 [183,  2, 43] 420 [124,137,127]
286: [133,152,132]  64 [ 25,150, 10]  98 [ 45,166, 30] 155 [ 52,193, 45] 171 [ 79,106, 64] 185 [154,154,142] 315 [191,  0, 43] 362 [184,  3, 44] 420 [115,126,116]
285: [131,151,129]  65 [ 17,142,  6]  89 [ 54,195, 40] 123 [  4,133,  2] 135 [ 51,194, 43] 171 [ 80,109, 65] 185 [144,144,133] 315 [191,  1, 43] 362 [185,  4, 46] 420 [116,127,117]
284: [133,142,132]  64 [ 57,201, 46] 122 [  6,132,  2] 138 [ 51,192, 43] 172 [ 81,109, 65] 184 [149,146,135] 316 [188,  6, 48] 420 [109,122,112]
283: [133,145,132]  68 [ 59,200, 52] 122 [  4,138,  1] 143 [ 45,197, 34] 172 [ 76,115, 60] 184 [160,158,148] 316 [194,  7, 55] 420 [110,121,111]
282: [126,156,124]  71 [ 17,155, 12]  92 [ 60,200, 52] 123 [  5,138,  0] 145 [ 44,196, 33] 172 [ 77,116, 61] 184 [146,152,136] 236 [159,158,148] 316 [198, 18, 63] 420 [108,119,109]
281: [135,153,134]  68 [ 37,168, 26]  98 [ 65,203, 59] 123 [  6,143,  3] 147 [ 47,193, 30] 172 [ 77,118, 61] 184 [160,162,151] 316 [214, 11, 69] 388 [208, 27, 73] 419 [109,121,110]
280: [144,168,143]  67 [ 74,189, 64]  78 [ 57,195, 51] 124 [ 13,149,  7] 149 [ 48,195, 32] 172 [ 76,119, 59] 183 [157,164,151] 316 [234, 45, 94] 345 [215, 10, 69] 386 [234, 44, 94] 397 [198, 20, 65] 419 [110,121,111]
279: [109,114,105]  22 [147,163,147]  68 [105,171,102]  83 [ 60,186, 41]  95 [ 54,173, 42] 183 [159,158,148] 317 [194, 19, 64] 419 [106,117,106]
278: [137,145,136]   6 [103,106, 98]  19 [113,174,107]  94 [ 23,158, 14] 118 [ 57,173, 45] 184 [159,158,148] 317 [192, 12, 58] 418 [110,120,110]
277: [125,177,121]  84 [ 23,156, 14] 119 [ 65,198, 62] 132 [ 19,162, 12] 145 [ 57,178, 47] 184 [160,160,151] 317 [193, 11, 56] 418 [107,117,106]
276: [145,162,143]  71 [111,170,106]  84 [  9,141,  2] 114 [ 32,175, 26] 145 [ 57,168, 44] 183 [162,163,153] 317 [210, 27, 79] 330 [193, 10, 56] 418 [171,166,161] 431 [102,113,101]
275: [120,158,116]  84 [  4,137,  2] 116 [ 67,198, 64] 152 [ 14,152,  6] 163 [ 59,165, 45] 183 [163,166,155] 317 [208, 34, 81] 328 [193, 10, 54] 417 [103,114,102]
274: [130,153,127]  83 [  5,137,  3] 117 [ 60,190, 54] 135 [ 90,223, 96] 148 [  9,144,  4] 163 [ 59,164, 45] 183 [161,164,153] 317 [209, 36, 82] 328 [196, 16, 62] 417 [108,117,106]
273: [133,156,129]  83 [  4,137,  3] 118 [ 64,195, 62] 146 [ 31,151, 22] 183 [160,165,154] 317 [208, 36, 82] 328 [198, 15, 62] 416 [144,159,150] 521 [110,120,109]
272: [117,143,112]  83 [  5,137,  3] 119 [ 54,187, 49] 136 [ 28,149, 22] 183 [161,165,154] 317 [206, 34, 80] 328 [197, 10, 57] 416 [110,120,109]
271: [117,136,112]  84 [  7,139,  3] 119 [ 46,188, 44] 137 [  3,137,  0] 169 [ 66,161, 47] 182 [167,169,160] 318 [198, 24, 71] 416 [113,123,112]
270: [132,145,129]  84 [ 12,144,  8] 118 [ 47,187, 44] 136 [ 20,143, 13] 182 [154,162,150] 318 [204, 18, 67] 416 [111,121,111]
269: [131,146,129]  84 [ 54,177, 39]  95 [  8,146,  6] 118 [ 46,187, 43] 136 [ 18,143, 12] 182 [153,161,149] 318 [208, 15, 68] 415 [111,122,111] 635 [112,127,117]
268: [127,150,123]  84 [ 74,201, 62]  99 [ 10,149,  7] 116 [ 47,187, 44] 135 [ 18,145, 12] 181 [146,150,121] 223 [167,174,147] 247 [113,119, 92] 266 [154,159,148] 318 [229, 36, 88] 350 [201,  9, 62] 415 [115,127,117] 635 [109,124,114]
267: [ 45,169, 37] 115 [ 67,185, 63] 135 [ 21,148, 15] 182 [154,162,131] 209 [140,141,104] 227 [164,168,133] 247 [100, 92, 51] 266 [147,143,134] 318 [183,  3, 47] 415 [113,124,114]
266: [125,154,120]  85 [ 31,137, 11]  96 [ 42,168, 35] 115 [ 74,192, 71] 135 [ 11,147,  8] 169 [ 71,174, 57] 182 [137,138,102] 227 [154,158,123] 248 [ 84, 76, 34] 266 [147,140,132] 319 [183,  1, 45] 414 [114,126,116]
265: [128,149,124]  84 [ 22,127, 11] 101 [ 41,167, 25] 115 [100,179, 98] 134 [ 13,142,  6] 167 [ 65,178, 58] 181 [152,167,141] 194 [105,103, 58] 227 [149,151,109] 238 [120,119, 65] 249 [ 94, 88, 24] 267 [148,143,134] 319 [184,  2, 45] 414 [113,124,114]
264: [126,152,122]  85 [ 18,125,  7] 101 [ 42,167, 26] 115 [ 96,174, 93] 134 [ 65,204, 62] 152 [ 20,148, 11] 167 [ 72,185, 65] 181 [151,166,139] 194 [116,116, 71] 205 [110,107, 62] 232 [130,125, 64] 268 [159,158,149] 319 [185,  3, 47] 414 [112,130,123] 458 [113,125,115]
263: [136,149,135]  86 [ 13,133,  6] 101 [ 50,165, 35] 115 [ 83,161, 72] 147 [ 56,170, 46] 167 [102,180, 98] 180 [150,168,134] 193 [156,158, 54] 205 [153,151, 24] 268 [140,143,110] 280 [139,147,133] 302 [165,165,156] 319 [186,  4, 47] 413 [103,131,138] 472 [130,149,144] 490 [ 78, 93, 95] 511 [114,125,115]
262: [129,160,126]  87 [ 49,160, 31] 115 [113,145,106] 137 [ 22,135,  8] 148 [ 53,167, 43] 167 [113,188,108] 181 [154,170,139] 192 [164,165, 66] 210 [152,150, 27] 273 [160,159,150] 319 [187,  5, 49] 413 [ 61, 88, 96] 472 [ 97,116,112] 490 [ 37, 52, 54] 511 [112,123,113]
261: [128,152,125]  88 [ 53,160, 40] 116 [123,155,118] 137 [ 33,146, 21] 166 [153,167,134] 193 [171,172, 55] 209 [151,148, 18] 274 [145,148,138] 319 [191,  8, 53] 413 [105,133,141] 439 [ 24, 81,112] 472 [ 32, 55, 66] 511 [112,123,113]
260: [132,148,130]  84 [ 50,164, 39] 112 [130,166,124] 131 [ 45,147, 34] 167 [135,163,123] 192 [159,157, 19] 267 [113,114, 81] 285 [148,153,143] 319 [187, 14, 55] 412 [159,158,155] 428 [ 52,111,141] 440 [ 33, 88,121] 470 [ 26, 42, 46] 494 [ 32, 63, 84] 513 [110,122,112]
259: [135,145,132]  84 [104,158, 97]  95 [ 61,162, 49] 112 [120,155,117] 138 [ 51,160, 39] 167 [153,161,131] 193 [162,158, 10] 267 [ 91, 84, 39] 278 [156,158,149] 319 [205, 24, 72] 412 [150,156,155] 428 [  1, 93,158] 454 [  7, 77,133] 510 [110,121,111]
258: [133,142,131]  86 [ 76,180, 63] 112 [122,159,119] 139 [ 55,160, 43] 168 [156,164,134] 193 [163,159, 11] 267 [ 91, 83, 38] 278 [156,159,150] 319 [202, 21, 70] 412 [147,154,152] 428 [  0, 90,156] 455 [  6, 78,134] 511 [ 70, 81, 77] 525 [110,120,111]
257: [127,155,122]  94 [108,188,101] 111 [124,157,121] 140 [ 32,158, 26] 162 [105,153, 93] 174 [151,163,134] 192 [163,159, 11] 267 [ 89, 82, 34] 278 [161,162,153] 320 [192, 13, 59] 412 [145,152,150] 428 [  6, 76,131] 511 [111,122,113]
256: [ 88,100, 93]   2 [130,142,126]  92 [116,156,113] 141 [ 42,169, 37] 162 [147,159,130] 192 [163,159, 11] 267 [ 91, 84, 38] 279 [156,162,152] 320 [189,  9, 55] 411 [144,148,147] 428 [  9, 80,136] 511 [ 83, 94, 87] 546 [113,124,114]
255: [124,151,120] 145 [ 79,169, 71] 167 [139,153,127] 192 [164,160,  7] 267 [ 90, 83, 34] 279 [151,159,148] 320 [203, 38, 79] 331 [215, 28, 80] 380 [191,  8, 53] 411 [139,152,150] 428 [ 11, 91,154] 510 [ 26, 41, 45] 521 [112,124,114]
254: [125,156,121] 153 [ 91,180, 83] 167 [141,155,127] 193 [164,160,  6] 267 [ 87, 80, 32] 279 [146,155,142] 320 [200, 35, 76] 331 [196,  4, 52] 356 [196, 16, 61] 411 [137,149,146] 427 [ 14, 92,154] 510 [ 23, 38, 42] 521 [110,121,112]
253: [129,155,125] 148 [117,190,113] 162 [137,155,125] 193 [164,160,  5] 267 [ 87, 79, 30] 280 [152,160,149] 320 [196, 15, 61] 410 [140,145,146] 427 [  1, 72,128] 492 [ 14, 98,162] 511 [ 29, 39, 40] 522 [111,122,113]
252: [152,161,136] 192 [164,160,  7] 267 [ 81, 74, 23] 279 [146,155,144] 320 [196, 14, 60] 410 [143,148,148] 427 [ 10, 94,158] 511 [ 30, 41, 42] 522 [112,123,113]
251: [142,152,133] 192 [165,160,  4] 267 [ 84, 74, 22] 279 [141,148,134] 320 [200, 16, 66] 410 [135,147,149] 427 [  6, 85,148] 511 [ 41, 53, 53] 524 [112,124,115]
250: [132,144,124] 192 [165,160,  4] 267 [ 84, 74, 21] 278 [141,145,131] 321 [201, 17, 66] 410 [138,147,146] 426 [  3, 82,144] 511 [ 37, 50, 50] 522 [111,123,114]
249: [  0,  0,  0]   2 [138,150,132] 190 [152,147, 11] 283 [145,150,139] 321 [188, 11, 57] 409 [147,150,149] 424 [  1, 71,129] 511 [ 41, 53, 52] 522 [109,121,112]
248: [139,149,130] 192 [153,147,  9] 283 [144,141,133] 321 [181,  3, 49] 408 [132,133,137] 427 [  0, 70,128] 511 [ 45, 57, 56] 522 [110,123,113]
247: [131,139,128] 148 [142,153,135] 192 [153,148,  8] 283 [139,146,134] 321 [180,  2, 44] 408 [135,143,140] 424 [ 21,115,163] 435 [  1, 67,122] 511 [ 50, 64, 64] 523 [110,121,112] 630 [104,116,107]
246: [145,157,138] 191 [155,149,  8] 282 [144,151,138] 321 [181,  3, 46] 408 [136,144,141] 424 [ 25,120,169] 435 [  0, 66,121] 511 [108,119,109] 630 [103,115,106]
245: [147,157,137] 191 [155,149,  9] 283 [146,154,141] 321 [184,  5, 48] 408 [137,146,142] 423 [ 26,120,169] 434 [  0, 66,121] 510 [101,112,103]
244: [151,161,150] 113 [132,141,119] 192 [155,150,  9] 283 [150,155,145] 321 [189,  9, 54] 407 [138,144,142] 424 [ 17,113,165] 436 [  0, 66,121] 510 [ 52, 70, 75] 521 [101,112,103]
243: [133,140,124] 192 [169,164,  2] 267 [ 93, 86, 37] 283 [144,152,141] 322 [178, 16, 57] 407 [137,149,147] 424 [ 14,108,169] 438 [  0, 67,123] 510 [ 56, 75, 80] 521 [110,121,113] 631 [110,122,113]
242: [133,140,122] 192 [170,165,  2] 267 [ 96, 90, 39] 282 [156,162,153] 322 [186,  3, 47] 355 [184, 21, 60] 402 [157,137,141] 422 [ 21,108,164] 438 [  0, 67,123] 512 [ 95,109,104] 530 [112,123,114]
241: [139,145,125] 192 [170,165,  2] 267 [102, 95, 40] 279 [146,153,141] 323 [207, 46, 85] 342 [194, 10, 58] 356 [220,101,128] 374 [203, 36, 79] 402 [157,150,149] 421 [ 26,106,159] 438 [  0, 67,123] 512 [111,122,113]
240: [135,143,130] 192 [171,166,  2] 267 [103, 98, 51] 283 [157,158,150] 323 [217, 57, 95] 342 [198, 14, 62] 356 [231,111,138] 375 [195, 29, 72] 403 [144,141,139] 420 [ 29,106,155] 438 [  0, 67,124] 511 [111,122,113]
239: [135,143,129] 191 [171,166,  3] 267 [106,106, 59] 282 [153,143,137] 329 [190, 26, 66] 356 [155,139,135] 375 [182, 17, 56] 402 [136,134,131] 420 [ 28,105,155] 438 [  0, 67,124] 511 [111,122,113]
238: [144,151,125] 191 [166,161,  9] 277 [158,151,145] 330 [181, 14, 56] 355 [157,139,135] 375 [180, 15, 54] 401 [141,134,132] 420 [ 32,109,158] 438 [  0, 67,124] 511 [111,122,113]
237: [138,146,128] 191 [167,163, 10] 277 [153,154,146] 330 [192, 15, 61] 355 [158,142,138] 375 [184, 21, 60] 402 [140,139,136] 420 [ 30,108,159] 438 [  0, 67,124] 511 [110,121,113]
236: [133,140,118] 191 [170,165, 11] 276 [147,141,134] 330 [195, 18, 64] 355 [156,140,136] 375 [185, 27, 65] 403 [142,145,142] 419 [ 37,109,154] 436 [  0, 68,125] 512 [111,122,114]
235: [133,139,123] 191 [171,166,  9] 276 [142,137,130] 331 [181, 20, 60] 355 [152,140,135] 376 [168, 23, 59] 399 [144,142,138] 419 [ 31,107,158] 437 [  0, 68,125] 512 [111,122,114]
234: [135,142,125] 191 [171,166, 10] 277 [145,151,141] 331 [190, 30, 70] 356 [153,136,133] 378 [189, 39, 76] 399 [ 69,124,156] 437 [  0, 67,125] 511 [110,122,114]
233: [150,160,151] 171 [131,137,116] 191 [172,167, 10] 277 [145,149,140] 333 [193, 61, 92] 355 [153,141,137] 379 [192, 81,106] 399 [140,141,136] 419 [ 28,106,159] 438 [  0, 67,125] 511 [105,117,108]
232: [156,165,157] 168 [132,138,119] 191 [178,173,  3] 267 [141,144,101] 284 [146,145,138] 331 [223, 94,124] 355 [159,147,143] 379 [217,106,131] 399 [139,141,136] 420 [ 23,104,161] 439 [  0, 67,125] 511 [102,114,105]
231: [134,141,122] 191 [175,171, 10] 276 [141,152,145] 420 [ 20,104,164] 440 [  0, 67,126] 511 [101,112,103]
230: [138,145,125] 191 [177,172, 11] 276 [140,151,144] 420 [  0, 67,126] 511 [102,112,103]
229: [136,144,128] 191 [178,174, 13] 277 [127,144,138] 421 [ 14,103,168] 442 [  0, 67,125] 512 [106,115,106]
228: [139,147,133] 191 [181,177, 16] 277 [135,152,145] 420 [ 17,103,166] 443 [  0, 67,125] 511 [104,113,104]
227: [136,142,135]  86 [138,146,127] 191 [184,184, 10] 276 [135,153,145] 420 [ 13,102,170] 445 [  0, 68,127] 511 [104,114,105]
226: [140,149,130] 191 [187,187, 12] 276 [122,142,137] 422 [  8,102,174] 446 [  0, 68,127] 511 [101,112,102]
225: [143,152,132] 191 [190,191, 15] 276 [122,136,130] 422 [  7,102,176] 447 [  0, 68,127] 512 [102,112,102]
224: [146,154,125] 191 [209,211, 19] 264 [138,136, 59] 276 [126,139,131] 422 [  8,102,176] 449 [  0, 68,127] 512 [105,115,106]
223: [144,154,139] 189 [224,235, 64] 264 [136,138, 66] 276 [125,144,139] 422 [  6,103,179] 451 [  0, 68,130] 512 [105,115,105]
222: [131,141,125] 189 [217,228, 57] 265 [135,136, 71] 276 [130,147,139] 422 [  6,103,179] 453 [  0, 68,129] 512 [105,115,107]
221: [140,148,127] 191 [203,213, 31] 266 [135,137, 77] 277 [131,148,140] 422 [  6,103,181] 456 [  0, 68,130] 512 [104,114,105]
220: [127,136,119] 190 [180,187, 45] 275 [127,145,137] 422 [  6,102,180] 457 [  0, 69,130] 512 [102,112,102]
219: [119,126,107] 191 [196,203, 17] 275 [125,145,139] 423 [  0, 78,152] 512 [103,113,105]
218: [  0,  0,  0]   2 [124,131,111] 192 [198,206,  8] 267 [127,147,140] 423 [  6, 97,175] 512 [102,112,102]
217: [126,133,115] 193 [195,201,  7] 268 [134,144,110] 289 [117,137,130] 423 [  6,100,181] 513 [101,111,101]
216: [127,135,110] 194 [191,197,  3] 268 [138,146,106] 284 [112,131,124] 424 [  5,100,181] 512 [100,110,100]
215: [132,141,116] 197 [181,186, 21] 275 [116,133,125] 424 [  4,101,184] 512 [102,111,102]
214: [129,136,125] 197 [186,190, 12] 269 [139,149,116] 288 [113,130,125] 424 [  7, 99,176] 512 [101,110,101]
213: [142,151,111] 199 [185,190, 13] 270 [113,134,131] 425 [  1, 98,184] 488 [  6, 87,158] 512 [101,110,100]
212: [130,138,127] 196 [188,192,  7] 260 [182,190, 45] 271 [122,142,139] 425 [  2, 91,173] 512 [100,109,100]
211: [141,151,125] 200 [187,196, 11] 272 [121,141,134] 426 [  1, 86,164] 507 [101,110,102]
210: [137,148,134] 200 [186,198, 31] 272 [120,140,134] 427 [  1, 85,164] 507 [101,110,101] 636 [  0,  0,  0]
209: [129,140,124] 200 [187,197, 23] 272 [120,140,135] 427 [  1, 86,165] 505 [ 99,108, 99] 632 [ 87, 98, 87]
208: [126,136,121] 200 [175,186, 13] 271 [124,141,131] 428 [  1, 87,167] 504 [ 97,106, 96]
207: [131,141,127] 200 [179,189, 25] 223 [144,155, 90] 239 [180,192, 23] 260 [123,140,131] 430 [  2, 87,166] 504 [ 95,104, 94]
206: [131,141,127] 200 [183,193, 26] 222 [147,158, 90] 239 [183,194, 25] 260 [124,143,134] 430 [  1, 88,167] 502 [ 89, 99, 89]
205: [133,144,121] 200 [183,194, 35] 223 [140,152, 98] 240 [185,198, 29] 259 [113,136,133] 432 [  1, 88,168] 502 [ 94,103, 93]
204: [137,148,128] 200 [185,196, 37] 223 [137,148, 97] 239 [190,203, 34] 259 [117,141,139] 432 [  3, 91,171] 502 [ 94,104, 94]
203: [133,144,128] 205 [187,199,110] 219 [151,162,120] 245 [185,197,100] 257 [118,136,129] 434 [  4, 93,172] 502 [ 98,107, 98]
202: [137,149,126] 205 [152,164, 73] 218 [138,150, 81] 257 [119,138,131] 435 [  6, 84,151] 502 [ 97,106, 96]
201: [125,135, 89] 257 [114,134,131] 436 [  2, 92,174] 480 [  2, 75,147] 501 [ 97,106, 96]
200: [117,139,135] 436 [  3, 93,175] 479 [  4, 74,146] 501 [ 97,107, 99]
199: [112,133,128] 442 [  5, 80,151] 499 [ 97,107, 99]
198: [111,133,130] 443 [  5, 90,167] 499 [ 98,107, 97]
197: [108,133,133] 444 [  4, 85,158] 495 [ 97,106, 96]
196: [100,124,123] 444 [  4, 82,159] 494 [ 93,104, 96]
195: [ 99,123,125] 468 [  4, 70,134] 492 [ 94,102, 93]
194: [ 92,124,132] 468 [  5, 75,139] 491 [ 94,103, 94]
193: [ 99,123,124] 468 [  9, 85,151] 492 [ 95,103, 93]
192: [130,142,128] 212 [ 96,120,122] 468 [ 12, 88,153] 492 [ 95,103, 94]
191: [108,126,122] 469 [  6, 78,141] 492 [ 90,100, 90]
190: [106,126,124] 469 [  4, 71,134] 492 [ 92,102, 93]
189: [103,123,121] 470 [  7, 74,135] 491 [ 93,103, 94]
188: [101,122,121] 471 [ 20, 90,152] 491 [ 93,102, 92]
187: [103,120,114] 472 [ 92,102, 93]
186: [ 93,103, 94]
185: [ 92,101, 93]
184: [ 94,105, 97]
183: [ 92,101, 93]
182: [ 94,105, 97]
181: [ 92,101, 93]
180: [ 91,100, 92]
179: [ 88, 96, 87]
178: [ 90, 98, 89]
177: [ 90, 99, 90]
176: [ 91,100, 91]
175: [ 93,103, 95]
174: [ 86, 96, 87]
173: [ 87, 96, 87]
172: [ 86, 95, 86]
171: [ 87, 95, 87]
170: [ 95,105, 96]
169: [ 99,110,101]
168: [ 99,110,100]
167: [ 86, 95, 87]
166: [ 84, 93, 84] 636 [  0,  0,  0]
165: [ 88, 97, 89] 636 [  0,  0,  0]
164: [ 88, 98, 89]
163: [ 87, 96, 88]
162: [ 87, 96, 88]
161: [ 93,104, 95]
160: [ 91,102, 93]
159: [ 85, 94, 86]
158: [ 85, 94, 86]
157: [ 96,107, 98]
156: [ 92,103, 94]
155: [ 91,101, 93]
154: [ 95,105, 96]
153: [ 94,104, 95]
152: [ 95,104, 96]
151: [ 93,103, 95]
150: [ 94,103, 95]
149: [ 92,102, 94]
148: [ 91,101, 92]
147: [ 89, 99, 91]
146: [ 89, 99, 91]
145: [ 90,100, 92]
144: [ 88, 98, 89]
143: [ 88, 98, 90]
142: [ 82, 92, 84]
141: [ 88, 97, 90]
140: [ 87, 96, 88]
139: [ 84, 94, 86]
138: [ 86, 95, 87]
137: [ 85, 94, 86]
136: [ 84, 93, 85]
135: [ 84, 93, 85]
134: [ 82, 91, 84]
133: [ 81, 90, 82]
132: [ 74, 83, 75]
131: [ 80, 88, 81]
130: [ 79, 87, 80]
129: [ 78, 86, 79]
128: [ 77, 85, 77]
127: [ 76, 84, 76]
126: [ 75, 83, 76]
125: [ 74, 82, 75]
124: [ 73, 81, 74]
123: [ 72, 80, 72]
122: [ 71, 79, 71]
121: [ 70, 77, 70]
120: [ 68, 76, 68]
119: [ 67, 75, 67]
118: [ 65, 73, 65]
117: [ 64, 72, 64] 619 [  1,  5,  0]
116: [ 65, 73, 65] 561 [ 10, 16,  8]
115: [ 64, 71, 63] 560 [  1,  4,  0]
114: [ 62, 70, 62] 554 [  0,  2,  0]
113: [ 61, 68, 60] 546 [  1,  4,  0]
112: [ 60, 67, 59] 545 [  0,  2,  0]
111: [ 59, 66, 58] 540 [  0,  5,  1]
110: [ 58, 64, 57] 539 [  0,  4,  0]
109: [ 57, 63, 56] 536 [  0,  5,  0] 628 [ 24, 39, 33]
108: [ 56, 62, 54] 535 [  0,  7,  1]
107: [ 37, 44, 34] 534 [  0,  7,  0]
106: [ 43, 51, 40] 517 [  0,  6,  0]
105: [  2,  8,  1]
104: [ 51, 55, 48] 482 [  3,  9,  2]
103: [ 50, 54, 46] 482 [  2,  7,  1]
102: [ 48, 52, 45] 481 [  1,  6,  1]
101: [ 47, 51, 43] 481 [  1,  5,  0]
100: [ 45, 49, 42] 480 [  2,  7,  1]
 99: [ 48, 55, 46] 480 [  2,  8,  2]
 98: [ 45, 52, 43] 486 [  2,  9,  2]
 97: [  2,  8,  2]
 96: [ 40, 43, 35] 478 [  3, 11,  3]
 95: [ 39, 41, 33] 477 [ 27, 36, 25] 579 [ 12, 26, 13]
 94: [ 37, 39, 31] 478 [ 20, 36, 21] 634 [  0,  4,  0]
 93: [ 22, 37, 23] 634 [  0,  5,  0]
 92: [ 34, 36, 28] 493 [ 23, 38, 24] 635 [  0,  2,  0]
 91: [ 24, 41, 26] 635 [  0,  3,  0]
 90: [ 25, 42, 27] 635 [  0,  5,  0]
 89: [ 26, 43, 29] 635 [  0,  5,  0]
 88: [ 27, 44, 29] 636 [  0,  0,  0]
 87: [ 27, 43, 28] 636 [  0,  0,  0]
 86: [ 25, 40, 26] 636 [  0,  0,  0]
 85: [ 28, 44, 29] 636 [  0,  0,  0]
 84: [ 28, 44, 29] 636 [  0,  0,  0]
 83: [ 23, 39, 25] 636 [  0,  0,  0]
 82: [ 23, 39, 25] 636 [  0,  0,  0]
 81: [ 27, 43, 28] 636 [  0,  0,  0]
 80: [ 26, 42, 28] 636 [  0,  0,  0]
 79: [ 26, 42, 28] 636 [  0,  0,  0]
 78: [ 26, 43, 28]
 77: [ 26, 42, 28]
 76: [ 25, 42, 28]
 75: [  4,  4,  1] 259 [ 34, 38, 34] 311 [ 25, 41, 26]
 74: [  4,  4,  1] 258 [ 40, 44, 40] 311 [ 25, 41, 26]
 73: [ 33, 35, 31] 233 [  3,  4,  1] 258 [ 41, 45, 41] 312 [ 24, 39, 25]
 72: [ 35, 36, 32] 232 [  4,  4,  1] 258 [ 42, 47, 43] 314 [  9, 15,  7]
 71: [ 35, 36, 32] 232 [  4,  4,  1] 257 [ 43, 47, 44] 316 [ 10, 17,  9]
 70: [ 35, 36, 32] 231 [  4,  4,  2] 257 [ 42, 47, 44] 328 [ 11, 17, 10]
 69: [ 36, 36, 32] 231 [  4,  4,  1] 257 [ 43, 47, 44] 332 [ 16, 28, 18]
 68: [ 36, 36, 32] 231 [  4,  4,  1] 256 [ 42, 46, 44] 337 [ 20, 32, 22]
 67: [ 35, 36, 33] 231 [  3,  4,  1] 256 [ 42, 47, 44] 339 [  6,  8,  3] 481 [ 19, 33, 24]
 66: [ 35, 36, 33] 230 [  4,  4,  1] 256 [ 42, 47, 44] 339 [  6,  8,  3] 480 [ 20, 34, 24]
 65: [ 35, 36, 32] 230 [  3,  4,  1] 255 [ 42, 47, 43] 338 [  6,  8,  3] 478 [ 20, 34, 24]
 64: [ 35, 36, 32] 230 [  3,  3,  1] 255 [ 42, 46, 43] 337 [  6,  7,  3] 477 [ 20, 34, 24]
 63: [ 35, 36, 32] 229 [  3,  4,  1] 255 [ 42, 47, 44] 335 [  5,  7,  2] 476 [ 20, 34, 24]
 62: [ 35, 36, 32] 229 [  3,  4,  1] 255 [ 42, 47, 44] 334 [ 20, 34, 24]
 61: [ 34, 35, 31] 229 [  2,  3,  0] 254 [ 41, 46, 44] 333 [ 12, 21, 13]
 60: [ 34, 36, 31] 228 [  2,  3,  1] 254 [ 41, 46, 44] 331 [ 12, 20, 13]
 59: [ 35, 35, 32] 228 [  2,  4,  0] 254 [ 41, 46, 44] 331 [ 12, 20, 13]
 58: [ 35, 35, 32] 227 [  3,  4,  1] 253 [ 41, 46, 43] 330 [ 12, 20, 13]
 57: [ 35, 36, 32] 227 [  3,  4,  1] 253 [ 41, 46, 43] 330 [ 12, 20, 13]
 56: [ 35, 36, 32] 227 [  3,  4,  1] 253 [ 42, 46, 44] 328 [ 12, 20, 13]
 55: [ 35, 36, 32] 226 [  3,  4,  1] 252 [ 42, 46, 44] 327 [ 12, 20, 13]
 54: [ 35, 36, 32] 226 [  3,  4,  1] 252 [ 42, 46, 44] 327 [ 12, 20, 13]
 53: [ 35, 36, 32] 226 [  3,  4,  1] 252 [ 42, 46, 44] 326 [ 12, 20, 13]
 52: [ 34, 35, 32] 225 [  3,  4,  1] 251 [ 41, 45, 44] 326 [ 13, 22, 14]
 51: [ 34, 35, 32] 225 [  3,  3,  1] 251 [ 41, 45, 44] 325 [ 13, 22, 15]
 50: [ 34, 35, 32] 225 [  3,  4,  1] 251 [ 41, 45, 44] 324 [ 13, 22, 15]
 49: [ 33, 35, 31] 224 [  3,  3,  0] 250 [ 41, 45, 43] 323 [ 12, 20, 13]
 48: [ 33, 34, 31] 224 [  2,  3,  0] 250 [ 40, 45, 43] 323 [ 12, 19, 12]
 47: [ 33, 34, 31] 224 [  3,  3,  0] 250 [ 41, 44, 43] 322 [ 12, 20, 12]
 46: [ 33, 34, 30] 224 [  2,  3,  0] 249 [ 40, 44, 42] 322 [ 11, 19, 12]
 45: [ 33, 34, 30] 223 [  2,  3,  0] 249 [ 40, 44, 42] 322 [ 11, 19, 12]
 44: [ 32, 34, 30] 223 [  2,  3,  0] 249 [ 40, 43, 42] 321 [ 12, 20, 12]
 43: [  3,  3,  0] 249 [ 40, 43, 42] 321 [ 12, 20, 12]
 42: [ 32, 33, 29] 222 [  2,  3,  0] 248 [ 39, 43, 41] 320 [ 12, 21, 13]
 41: [ 32, 34, 30] 222 [  2,  3,  0] 248 [ 39, 43, 41] 320 [ 12, 22, 14]
 40: [  3,  3,  0] 248 [ 39, 43, 41] 320 [ 15, 30, 17]
 39: [  3,  3,  0] 247 [ 39, 43, 41] 319 [ 13, 22, 14]
 38: [  3,  3,  0] 247 [ 39, 42, 41] 319 [ 13, 22, 14]
 37: [  3,  3,  0] 247 [ 39, 42, 41] 319 [ 16, 27, 17]
 36: [ 32, 33, 29] 220 [  2,  3,  0] 246 [ 38, 41, 41] 319 [ 13, 22, 14]
 35: [  2,  3,  0] 246 [ 38, 42, 41] 318 [ 15, 28, 18]
 34: [  3,  3,  0] 246 [ 38, 42, 41] 319 [ 15, 28, 18]
 33: [  2,  3,  0] 245 [ 37, 41, 40] 319 [ 15, 28, 17]
 32: [  2,  3,  0] 245 [ 37, 41, 40] 318 [ 15, 28, 17]
 31: [  3,  3,  0] 245 [ 37, 41, 40] 318 [ 15, 28, 17]
 30: [ 37, 40, 40] 317 [ 15, 28, 17]
 29: [  2,  3,  0] 244 [ 37, 40, 39] 316 [ 14, 28, 17]
 28: [  2,  3,  0] 244 [ 37, 40, 39] 316 [ 14, 27, 17]
 27: [ 36, 40, 39] 315 [ 14, 27, 16]
 26: [ 36, 40, 39] 314 [ 14, 27, 17]
 25: [ 35, 40, 38] 314 [ 13, 27, 17]
 24: [ 35, 40, 38] 313 [ 13, 27, 17]
 23: [ 35, 39, 38] 313 [ 13, 27, 16]
 22: [ 35, 39, 38] 313 [ 13, 27, 16]
 21: [ 34, 39, 37] 312 [ 13, 27, 16]
 20: [ 34, 38, 37] 312 [ 13, 27, 16]
 19: [ 34, 38, 37] 312 [ 13, 27, 16]
 18: [ 35, 39, 37] 311 [ 13, 27, 16]
 17: [ 34, 38, 37] 311 [ 13, 27, 16]
 16: [ 34, 38, 37] 311 [ 13, 27, 16]
 15: [ 34, 38, 37] 311 [ 13, 27, 15]
 14: [ 34, 38, 36] 310 [ 13, 27, 15]
 13: [ 34, 38, 37] 310 [ 13, 28, 16]
 12: [ 34, 38, 36] 310 [ 13, 27, 15]
 11: [ 34, 38, 36] 310 [ 13, 28, 15]
 10: [ 34, 38, 36] 310 [ 13, 28, 15]
  9: [ 34, 37, 36] 310 [ 12, 28, 15]
  8: [ 33, 37, 36] 310 [ 12, 28, 15]
  7: [ 33, 37, 36] 310 [ 13, 28, 16]
  6: [ 33, 37, 36] 310 [ 13, 28, 16]
  5: [ 33, 37, 36] 310 [ 13, 28, 16]
  4: [ 33, 37, 35] 310 [ 12, 28, 16]
  3: [ 35, 36, 35] 310 [ 12, 28, 15]
  2: [ 35, 37, 36] 310 [ 13, 28, 15]
  1: [ 36, 37, 35] 310 [ 14, 28, 15]
  0: [ 39, 40, 38] 311 [ 17, 31, 18]
LoadDump: 640 x 480 : 3
lines=1168
479: [115,121, 92]
478: [116,122, 93]
477: [116,122, 93]
476: [116,122, 93]
475: [117,122, 93]
474: [117,122, 93]
473: [127,133,105]  82 [119,124, 95]
472: [129,135,107]  82 [119,125, 96]
471: [131,137,109]  82 [120,125, 96]
470: [118,122, 93]
469: [118,123, 94]
468: [112,117, 88]
467: [120,125, 97]
466: [120,125, 97]
465: [118,122, 94]
464: [118,121, 93]
463: [118,121, 93]
462: [106,110, 82]
461: [107,110, 82]
460: [108,111, 84]
459: [118,122, 94]
458: [118,122, 94]
457: [118,122, 94]
456: [118,121, 94]
455: [117,120, 93]
454: [117,121, 93]
453: [121,125, 97]
452: [121,125, 97]
451: [122,125, 96] 491 [118,121, 93]
450: [121,124, 95] 491 [118,121, 93]
449: [121,125, 96] 490 [118,121, 93]
448: [123,126, 98]
447: [123,126, 98]
446: [121,124, 96]
445: [118,119, 90] 176 [120,123, 94]
444: [118,119, 90] 176 [122,125, 96]
443: [118,119, 90] 177 [122,124, 95]
442: [120,123, 94]
441: [119,121, 92]
440: [118,121, 92]
439: [118,120, 91]
438: [118,120, 91]
437: [119,121, 92]
436: [119,121, 92]
435: [119,121, 92]
434: [116,114, 86] 172 [121,123, 93]
433: [116,115, 86] 172 [148,152,120] 186 [121,124, 94]
432: [122,125, 96]
431: [123,126, 96]
430: [124,126, 97]
429: [129,131, 99] 256 [101,101, 71] 269 [124,127, 98]
428: [101,101, 72] 269 [125,128, 98]
427: [103,103, 73] 269 [125,128, 98]
426: [104,104, 75] 269 [125,128, 99]
425: [107,109, 79] 270 [126,128, 98]
424: [103,101, 72] 194 [126,129, 99]
423: [126,129, 99]
422: [116,114, 85] 195 [126,128, 98]
421: [114,112, 83] 195 [126,129, 98]
420: [112,111, 81] 196 [126,128, 98]
419: [127,129, 99]
418: [124,128,100]
417: [123,127, 99]
416: [123,126, 98]
415: [123,126, 99]
414: [124,127, 99]
413: [120,123, 96]
412: [120,123, 96]
411: [120,124, 96]
410: [123,127, 99]
409: [122,127, 99]
408: [119,124, 96]
407: [118,122, 94]
406: [115,119, 92]
405: [124,127, 98] 572 [114,118, 90]
404: [124,127, 99] 571 [114,118, 90]
403: [119,123, 96]
402: [119,123, 95]
401: [118,122, 95]
400: [117,122, 94]
399: [116,119, 92]
398: [119,122, 95]
397: [122,124, 96]
396: [123,125, 97]
395: [124,125, 97]
394: [124,125, 98]
393: [123,126, 99]
392: [121,124, 97]
391: [113,118, 91]
390: [131,134,103] 479 [108,113, 85]
389: [130,132,101] 480 [104,108, 81]
388: [128,131, 99] 481 [ 90, 86, 59] 507 [125,123, 95] 520 [109,107, 82] 573 [ 99,102, 75]
387: [129,131, 99] 467 [107, 92, 69] 481 [ 79, 50, 29] 496 [118,106, 82] 520 [104, 83, 61] 573 [101,103, 77]
386: [124,121, 94] 139 [131,134,102] 467 [ 90, 75, 52] 481 [ 75, 49, 28] 507 [100, 89, 64] 520 [ 85, 64, 43] 572 [ 63, 37, 17] 596 [ 98,100, 74]
385: [132,135,103] 467 [ 89, 67, 44] 520 [ 70, 31, 15] 596 [ 82, 79, 53] 615 [110,115, 89]
384: [132,135,103] 467 [ 67, 32, 14] 597 [ 78, 75, 49] 614 [111,115, 90]
383: [131,133,101] 467 [ 85, 18, 11] 599 [ 78, 76, 50] 614 [112,118, 91]
382: [130,132,100] 467 [ 82, 17, 11] 604 [105,109, 83]
381: [131,131,100] 467 [ 83, 16, 10] 604 [105,109, 83]
380: [140,140,110] 467 [ 83, 14,  9] 601 [101,105, 79]
379: [143,142,111] 466 [ 86, 13,  9] 601 [101,104, 78]
378: [144,143,113] 466 [ 86, 13,  9] 601 [101,104, 78]
377: [144,143,113] 466 [ 86, 13,  8] 600 [100,103, 76]
376: [108,108, 77] 210 [142,141,110] 467 [ 87, 12,  8] 599 [100,102, 76]
375: [134,136,103] 464 [ 88, 12,  9] 599 [ 84, 82, 57] 617 [114,119, 92]
374: [ 96,101, 74]   8 [133,134,102] 468 [ 88, 11,  8] 598 [ 99,101, 75]
373: [  0,  0,  0]   2 [136,139,105] 462 [ 89, 14, 10] 599 [101,103, 77]
372: [  0,  0,  0]   2 [137,140,106] 462 [ 89, 13, 10] 598 [101,103, 77]
371: [  0,  0,  0]   2 [137,140,107] 461 [ 90, 13, 10] 597 [101,102, 77] 633 [ 99,101, 77]
370: [124,130, 93] 226 [137,141,107] 461 [ 90, 13, 10] 596 [102,102, 77] 633 [ 95, 97, 73]
369: [111,120, 82] 225 [138,142,108] 460 [ 91, 13, 10] 595 [102,102, 77] 633 [ 96, 98, 74]
368: [ 99,107, 69] 226 [128,137,100] 256 [138,140,108] 460 [ 91, 14, 11] 595 [ 90, 81, 58] 609 [111,115, 89]
367: [122,122, 93] 213 [ 78, 95, 46] 226 [116,126, 88] 256 [139,142,109] 460 [115, 55, 44] 471 [ 90, 10,  8] 595 [105,106, 80]
366: [129,132,100] 213 [ 66, 83, 34] 226 [101,111, 73] 256 [139,141,108] 459 [115, 61, 47] 470 [ 90,  9,  8] 595 [107,107, 82]
365: [133,135,104] 206 [ 77, 88, 46] 254 [137,140,107] 459 [116, 58, 45] 470 [ 90,  9,  7] 595 [107,108, 82]
364: [121,121, 92] 206 [ 89, 97, 61] 280 [133,134,101] 458 [113, 62, 47] 469 [ 90,  9,  7] 595 [108,109, 83]
363: [121,121, 92] 207 [ 63, 82, 30] 280 [132,132,101] 458 [117, 61, 47] 469 [ 90,  9,  7] 595 [109,111, 85]
362: [120,120, 91] 206 [ 48, 83, 15] 280 [134,133,102] 458 [117, 62, 47] 469 [ 90,  9,  7] 595 [111,113, 87]
361: [119,119, 90] 206 [ 43, 85, 11] 279 [ 93,100, 62] 310 [136,136,105] 457 [118, 65, 51] 469 [ 90,  9,  7] 595 [112,114, 88]
360: [119,119, 90] 206 [ 78, 85, 47] 310 [135,135,104] 457 [118, 65, 50] 469 [ 90,  9,  7] 595 [112,114, 88]
359: [119,119, 90] 206 [ 39, 88,  8] 300 [ 80, 95, 48] 311 [147,151,118] 352 [143,143,111] 457 [119, 64, 50] 469 [ 91,  9,  8] 596 [113,115, 89]
358: [126,128, 97] 206 [ 39, 87,  8] 301 [ 73, 88, 41] 312 [142,143,111] 456 [119, 67, 52] 469 [ 91,  9,  7] 596 [113,115, 89]
357: [119,120, 91] 206 [ 38, 87,  8] 310 [143,144,112] 456 [120, 65, 50] 470 [ 91,  9,  7] 596 [113,116, 90]
356: [120,120, 91] 206 [ 58, 83, 25] 319 [146,147,115] 456 [121, 66, 51] 470 [ 91,  9,  7] 596 [114,116, 90]
355: [119,120, 91] 206 [ 43, 89, 11] 317 [149,150,118] 455 [123, 67, 52] 470 [ 91,  9,  8] 596 [113,117, 91]
354: [120,120, 91] 206 [ 41, 88,  9] 317 [149,151,118] 455 [122, 67, 51] 470 [ 91,  8,  7] 595 [114,116, 90]
353: [120,121, 92] 205 [ 38, 87,  7] 317 [148,149,117] 454 [121, 67, 52] 470 [ 91,  8,  7] 596 [114,117, 91]
352: [127,129, 98] 205 [ 37, 85,  6] 317 [144,146,113] 454 [120, 66, 50] 470 [ 91,  8,  7] 596 [114,118, 91]
351: [124,127, 96] 204 [ 36, 85,  6] 317 [142,144,112] 453 [121, 65, 50] 470 [ 92,  8,  7] 596 [115,117, 91]
350: [123,126, 94] 204 [ 39, 84,  8] 319 [139,140,109] 453 [119, 62, 47] 471 [ 92,  8,  7] 596 [114,117, 90]
349: [125,128, 96] 204 [ 39, 84,  8] 319 [136,136,105] 453 [119, 60, 46] 471 [ 92,  8,  7] 596 [114,116, 90]
348: [127,130, 99] 204 [ 32, 87,  4] 319 [134,136,104] 452 [118, 61, 46] 471 [ 92,  8,  7] 596 [113,116, 90]
347: [125,129, 96] 204 [ 32, 87,  3] 319 [136,136,103] 452 [118, 59, 44] 471 [ 93,  7,  6] 596 [114,115, 89]
346: [126,131, 98] 204 [ 32, 87,  3] 319 [136,137,104] 451 [118, 60, 45] 471 [ 92,  8,  7] 597 [113,115, 89]
345: [126,130, 97] 204 [ 32, 87,  3] 319 [137,137,105] 451 [119, 60, 45] 471 [ 92,  7,  6] 597 [112,114, 88]
344: [126,130, 97] 204 [ 32, 87,  3] 320 [136,136,104] 450 [118, 61, 46] 471 [ 92,  8,  7] 597 [112,114, 88]
343: [127,131, 97] 204 [ 31, 88,  3] 319 [132,134,101] 450 [120, 61, 46] 471 [ 94,  7,  6] 598 [111,114, 88]
342: [124,128, 95] 203 [ 31, 88,  3] 319 [133,135,102] 450 [120, 61, 46] 471 [ 94,  7,  6] 598 [111,114, 88]
341: [119,119, 89] 203 [ 31, 88,  3] 319 [133,135,103] 450 [120, 60, 44] 472 [ 94,  7,  6] 598 [112,114, 89]
340: [119,119, 89] 203 [ 31, 88,  3] 319 [133,135,103] 450 [120, 60, 45] 472 [ 94,  8,  6] 599 [112,116, 90]
339: [119,120, 89] 203 [ 29, 88,  2] 317 [140,140,108] 450 [121, 60, 45] 472 [ 96,  7,  6] 599 [112,116, 90]
338: [121,122, 92] 203 [ 29, 88,  2] 317 [133,135,102] 449 [121, 61, 46] 472 [ 96,  7,  7] 599 [112,116, 91]
337: [120,121, 90] 203 [ 29, 88,  2] 317 [137,139,106] 449 [122, 61, 46] 472 [ 96,  7,  7] 599 [113,116, 90]
336: [122,122, 92] 203 [ 29, 88,  2] 317 [138,140,107] 448 [122, 63, 47] 472 [ 97,  7,  7] 599 [112,116, 90]
335: [119,120, 90] 203 [ 29, 89,  2] 317 [139,140,107] 448 [124, 62, 48] 471 [100,  6,  7] 599 [112,116, 89]
334: [119,120, 90] 203 [ 29, 89,  2] 317 [137,138,106] 447 [124, 62, 48] 472 [100,  7,  7] 600 [111,116, 89]
333: [  0,  0,  0]   2 [119,119, 89] 202 [ 29, 89,  2] 317 [140,141,109] 447 [123, 61, 46] 472 [101,  7,  7] 600 [110,115, 88]
332: [  0,  0,  0]   2 [117,118, 89] 202 [ 29, 89,  2] 317 [137,137,105] 446 [122, 62, 47] 472 [101,  7,  7] 600 [109,114, 87]
331: [117,118, 88] 202 [ 29, 89,  2] 317 [140,140,107] 446 [124, 61, 46] 472 [106,  5,  7] 600 [110,113, 87]
330: [116,117, 88] 202 [ 29, 89,  2] 317 [141,140,107] 445 [123, 63, 47] 472 [107,  6,  8] 600 [112,115, 89]
329: [116,117, 88] 202 [ 29, 89,  2] 317 [144,144,111] 445 [124, 63, 47] 472 [110,  6,  9] 600 [113,115, 89]
328: [117,118, 88] 202 [ 29, 89,  2] 317 [145,146,113] 444 [124, 65, 49] 472 [111,  7, 10] 600 [112,115, 89]
327: [117,118, 89] 202 [ 27, 90,  1] 316 [146,146,114] 444 [126, 62, 48] 472 [125,  5, 11] 601 [113,115, 89]
326: [122,127, 93] 201 [ 28, 90,  2] 316 [144,145,112] 443 [125, 63, 48] 472 [128,  8, 15] 601 [113,115, 89]
325: [117,121, 87] 201 [ 27, 90,  1] 316 [144,144,111] 443 [135, 20, 25] 600 [113,114, 88]
324: [120,125, 90] 201 [ 27, 90,  1] 316 [146,145,113] 442 [139, 25, 29] 600 [114,114, 89]
323: [123,127, 93] 200 [ 25, 90,  0] 311 [ 85, 96, 52] 322 [139,139,106] 442 [153, 23, 33] 600 [114,116, 91]
322: [125,129, 95] 200 [ 25, 90,  0] 311 [138,138,105] 442 [127, 58, 45] 473 [162, 17, 32] 600 [115,118, 93]
321: [129,133,100] 200 [ 25, 90,  0] 312 [137,136,103] 442 [127, 57, 44] 473 [163, 17, 33] 599 [115,118, 92]
320: [121,120, 90] 170 [132,135,102] 200 [ 25, 90,  0] 312 [141,140,107] 442 [127, 57, 44] 473 [164, 18, 33] 599 [115,118, 92]
319: [133,138,104] 200 [ 23, 91,  0] 312 [133,132,100] 441 [129, 56, 45] 472 [165, 17, 33] 596 [115,116, 91]
318: [134,139,105] 200 [ 24, 92,  0] 312 [137,136,104] 440 [127, 57, 45] 471 [165, 17, 33] 596 [115,116, 92]
317: [127,134, 98] 200 [ 23, 92,  0] 311 [131,127, 97] 440 [127, 57, 44] 471 [151, 19, 30] 595 [115,116, 91]
316: [118,124, 89] 200 [ 24, 93,  0] 311 [127,123, 94] 440 [127, 56, 44] 471 [141, 10, 20] 594 [115,114, 90]
315: [113,118, 82] 200 [ 21, 96,  0] 311 [132,132,100] 440 [127, 57, 43] 468 [128,  9, 16] 592 [113,113, 88]
314: [115,119, 85] 200 [ 22, 97,  0] 311 [128,130, 97] 439 [151, 45, 44] 494 [125,  7, 13] 592 [113,114, 89]
313: [113,115, 82] 200 [ 23,100,  1] 311 [128,130, 97] 439 [149, 44, 44] 492 [122,  5, 11] 591 [113,114, 89]
312: [ 95, 99, 70]  11 [111,114, 79] 200 [ 26,103,  4] 311 [133,132,100] 438 [147, 44, 42] 491 [168, 18, 37] 553 [122,  5, 10] 591 [113,113, 89]
311: [ 96, 99, 71]  12 [116,119, 85] 200 [ 18,100,  0] 311 [134,135,103] 437 [128, 57, 45] 468 [141,  9, 21] 588 [111,111, 87]
310: [117,119, 86] 200 [ 79,177, 44] 212 [ 21,102,  0] 311 [133,134,102] 437 [128, 57, 45] 468 [134,  1, 12] 522 [123,  2, 10] 588 [112,112, 87]
309: [118,121, 88] 200 [ 76,180, 49] 240 [ 21,107,  0] 310 [135,136,105] 437 [129, 58, 46] 467 [140,  8, 20] 587 [112,112, 87] 636 [  0,  0,  0]
308: [120,123, 90] 201 [ 96,202, 70] 240 [ 27,113,  5] 310 [136,137,105] 436 [128, 60, 47] 467 [127,  3, 12] 586 [112,110, 86]
307: [116,117, 87] 200 [ 54,169, 35] 254 [ 22,122,  1] 311 [137,137,106] 436 [144, 48, 44] 480 [112, 10, 12] 586 [110,112, 87]
306: [116,117, 87] 200 [ 78,180, 41] 218 [121,229,107] 232 [ 94,206, 73] 254 [ 29,121,  5] 311 [136,135,103] 435 [142, 48, 44] 479 [116, 14, 16] 586 [113,114, 89] 627 [102,110, 85]
305: [123,126, 92] 200 [ 80,189, 45] 240 [101,213, 85] 264 [ 36,133, 10] 311 [129,127, 96] 436 [143, 47, 42] 479 [134, 10, 20] 586 [113,114, 90] 627 [102,111, 85]
304: [122,126, 91] 201 [ 68,178, 32] 240 [106,219, 91] 265 [ 46,138, 20] 311 [123,121, 91] 436 [143, 47, 42] 479 [138, 12, 22] 584 [112,112, 88]
303: [120,128, 90] 203 [ 67,187, 22] 251 [108,224, 82] 268 [ 48,148, 12] 310 [127,123, 93] 436 [130, 58, 46] 464 [137, 22, 30] 582 [110,113, 89]
302: [119,126, 89] 203 [ 61,157, 24] 311 [131,130, 99] 435 [144, 46, 43] 478 [154, 18, 32] 582 [111,114, 90]
301: [120,127, 90] 203 [ 54,176, 12] 277 [ 66,170, 26] 310 [129,129, 97] 435 [129, 58, 45] 463 [157, 19, 34] 582 [111,115, 90]
300: [116,119, 88] 203 [ 70,177, 30] 309 [132,129, 99] 435 [128, 57, 44] 463 [138, 19, 27] 581 [112,114, 89]
299: [117,120, 89] 203 [ 53,164, 16] 214 [ 10,124,  0] 236 [ 53,183, 11] 309 [133,131, 99] 434 [147, 43, 42] 479 [134, 17, 24] 581 [111,115, 90]
298: [124,129, 95] 203 [ 49,161, 13] 214 [  7,122,  0] 239 [ 49,180,  7] 309 [133,131, 99] 434 [133, 14, 21] 581 [112,115, 90]
297: [124,130, 96] 203 [ 16,131,  3] 240 [ 44,174,  5] 309 [130,128, 97] 433 [131, 10, 19] 581 [112,115, 91]
296: [125,130, 96] 203 [ 15,130,  3] 242 [ 57,174, 12] 309 [128,128, 96] 433 [150, 22, 31] 580 [112,114, 90]
295: [123,128, 94] 204 [ 13,128,  2] 244 [ 41,181,  4] 268 [ 50,165, 14] 309 [128,128, 96] 432 [128, 57, 45] 459 [150, 10, 24] 580 [111,114, 90]
294: [122,132, 93] 204 [ 12,128,  2] 244 [ 39,178,  2] 268 [  8,122,  0] 294 [ 51,170, 12] 308 [129,129, 97] 430 [150, 40, 41] 487 [150, 10, 24] 580 [111,114, 90]
293: [126,131, 98] 204 [ 13,128,  3] 245 [ 36,168,  7] 279 [ 25,140,  5] 308 [128,128, 96] 430 [150, 41, 42] 485 [133,  6, 16] 578 [112,114, 89]
292: [124,130, 96] 204 [ 13,128,  3] 245 [ 41,173, 13] 280 [ 23,137,  4] 308 [127,130, 96] 430 [150, 41, 42] 484 [136,  9, 19] 578 [112,114, 90]
291: [122,128, 93] 204 [ 16,129,  4] 245 [ 48,177, 20] 280 [ 23,136,  5] 308 [135,131,100] 430 [152, 41, 43] 483 [131, 14, 22] 576 [110,114, 89]
290: [120,126, 91] 204 [ 19,132,  4] 245 [ 33,171,  3] 271 [100,204, 83] 282 [ 20,133,  3] 308 [131,128, 98] 430 [152, 41, 43] 483 [138, 13, 24] 575 [110,113, 88]
289: [119,126, 90] 205 [ 23,136,  4] 244 [ 35,170,  3] 271 [101,199, 78] 282 [ 21,132,  3] 308 [129,126, 95] 430 [153, 43, 44] 481 [155, 22, 36] 570 [112,109, 86]
288: [121,125, 92] 205 [ 35,170,  4] 271 [ 96,194, 73] 282 [ 21,132,  3] 308 [129,126, 95] 430 [155, 46, 47] 480 [153, 27, 39] 575 [103,111, 87]
287: [119,124, 89] 207 [ 40,171,  2] 270 [ 85,177, 49] 282 [ 25,131,  3] 308 [131,129, 98] 429 [127, 64, 49] 455 [148, 16, 29] 567 [103,111, 86]
286: [119,125, 89] 207 [ 68,160, 32] 284 [ 24,131,  3] 308 [133,135,103] 428 [126, 65, 50] 455 [145, 13, 26] 566 [104,112, 87]
285: [120,123, 92] 207 [ 50,148, 15] 285 [ 27,133,  3] 308 [135,134,102] 427 [127, 65, 50] 456 [182, 30, 46] 476 [140,  9, 22] 566 [104,113, 88]
284: [121,124, 93] 207 [ 32,145,  2] 243 [ 46,172,  6] 274 [ 31,137,  5] 308 [131,131, 98] 427 [127, 64, 50] 456 [136,  4, 17] 564 [109,115, 90]
283: [122,126, 95] 207 [ 39,148,  4] 308 [128,126, 94] 427 [129, 64, 49] 455 [147, 10, 23] 563 [109,117, 91]
282: [123,126, 96] 207 [ 17,131,  2] 236 [ 42,174,  2] 272 [  8,122,  0] 283 [ 43,152,  5] 308 [129,126, 95] 427 [129, 63, 49] 455 [146,  9, 22] 563 [109,116, 90]
281: [123,127, 96] 207 [ 16,134,  2] 237 [ 42,176,  2] 271 [  4,120,  0] 283 [ 47,156,  5] 308 [129,127, 96] 427 [129, 62, 48] 455 [146,  9, 22] 562 [108,116, 90]
280: [125,128, 97] 207 [ 10,136,  3] 237 [ 42,176,  2] 270 [  3,120,  0] 283 [ 47,156,  7] 308 [128,128, 96] 427 [128, 61, 47] 455 [147, 10, 23] 562 [110,113, 88]
279: [127,133, 99] 207 [  9,139,  1] 238 [ 43,176,  4] 270 [  1,121,  0] 286 [ 50,157, 10] 307 [131,129, 99] 427 [129, 61, 48] 452 [137,  5, 16] 560 [109,112, 88]
278: [127,134, 99] 208 [ 44,177,  4] 269 [  5,123,  0] 291 [ 55,161, 12] 307 [126,126, 95] 427 [129, 61, 48] 452 [139,  5, 17] 559 [110,113, 89]
277: [126,130, 98] 208 [ 62,167, 26] 219 [ 15,142,  0] 238 [ 44,179,  4] 268 [  3,125,  0] 292 [ 56,163, 13] 307 [129,130,100] 427 [129, 62, 49] 451 [141,  6, 19] 558 [111,114, 90]
276: [123,134, 94] 208 [ 41,168, 10] 268 [  6,128,  0] 293 [ 57,164, 13] 307 [132,132,102] 427 [130, 63, 50] 451 [145,  7, 21] 556 [112,113, 90]
275: [122,134, 94] 209 [ 50,182, 13] 269 [ 24,144,  4] 306 [131,134,102] 427 [133, 62, 50] 451 [157, 12, 29] 556 [110,114, 90]
274: [129,136,101] 208 [ 54,186, 18] 269 [ 28,149,  5] 306 [131,134,102] 427 [132, 61, 49] 451 [159, 16, 33] 556 [110,113, 90]
273: [132,138,104] 208 [ 32,158,  4] 254 [ 53,184, 16] 272 [ 15,145,  0] 287 [ 53,164, 13] 306 [130,130,100] 427 [131, 62, 49] 450 [161, 18, 35] 556 [110,114, 90]
272: [128,136,100] 209 [ 23,140,  5] 246 [ 57,166, 18] 307 [132,131,101] 427 [129, 63, 50] 448 [161, 18, 34] 556 [110,114, 90]
271: [123,131, 95] 211 [ 11,129,  3] 247 [ 49,168, 10] 307 [132,135, 98] 428 [131, 61, 49] 448 [154, 13, 29] 556 [110,114, 91]
270: [125,133, 96] 211 [ 11,129,  3] 247 [ 58,160, 10] 307 [133,136, 99] 428 [131, 62, 50] 447 [153, 12, 28] 556 [109,113, 90]
269: [124,131, 95] 211 [ 10,129,  3] 248 [ 48,151,  6] 306 [133,136, 99] 428 [131, 62, 50] 447 [139, 10, 23] 556 [108,112, 89]
268: [  0,  0,  0]   2 [123,132, 95] 211 [ 11,130,  3] 248 [ 38,170,  3] 267 [ 38,142,  4] 306 [134,137,100] 428 [131, 61, 50] 447 [141, 12, 25] 556 [100,108, 85]
267: [125,129, 96] 212 [ 14,131,  3] 248 [ 40,169,  9] 267 [ 30,135,  5] 306 [130,132,102] 428 [132, 62, 50] 446 [176, 35, 52] 525 [135, 19, 30] 555 [ 98,106, 82]
266: [125,128, 96] 212 [ 39,168,  8] 267 [ 12,128,  1] 304 [132,135,105] 428 [134, 60, 49] 447 [185, 29, 48] 467 [166, 11, 30] 512 [201, 59, 77] 523 [137, 12, 25] 550 [ 97,105, 81]
265: [126,131, 98] 214 [ 50,159, 23] 231 [  7,135,  0] 246 [ 39,168,  8] 266 [ 12,129,  1] 304 [133,136,105] 428 [131, 63, 51] 445 [186, 37, 53] 466 [146, 16, 29] 550 [106,109, 87]
264: [127,131, 99] 213 [ 62,170, 36] 232 [ 39,169,  9] 266 [ 12,130,  1] 304 [132,135,104] 428 [129, 64, 51] 444 [186, 39, 54] 466 [147, 11, 26] 544 [158, 73, 75] 555 [104,111, 89]
263: [121,125, 94] 215 [ 68,163, 31] 232 [ 47,165, 12] 267 [ 19,132,  1] 306 [127,129, 99] 428 [131, 62, 50] 444 [144, 13, 26] 544 [107,110, 89]
262: [124,137, 96] 217 [ 52,170, 17] 266 [ 10,132,  1] 295 [ 63,145,  9] 307 [144,144, 94] 342 [ 94, 90, 40] 362 [123,125, 96] 428 [130, 62, 50] 443 [142, 10, 24] 544 [106,110, 89]
261: [125,129, 97] 217 [ 26,130,  2] 245 [ 70,163, 36] 266 [ 52,141, 18] 317 [130,129, 76] 342 [ 81, 73, 19] 362 [121,123, 93] 428 [129, 60, 49] 443 [157, 12, 29] 543 [105,109, 88]
260: [116,138, 87] 217 [ 24,129,  2] 245 [ 69,162, 35] 267 [ 38,154, 12] 304 [101,109, 44] 322 [123,122, 71] 342 [ 80, 72, 18] 362 [119,121, 91] 428 [129, 60, 49] 443 [149,  8, 24] 542 [105,109, 87]
259: [126,131, 99] 219 [ 19,129,  4] 244 [108,148, 79] 267 [ 57,147,  4] 304 [100, 94,  4] 363 [121,122, 94] 429 [129, 60, 49] 441 [146,  8, 23] 540 [102,109, 88]
258: [124,131, 96] 219 [ 22,132,  6] 244 [114,154, 86] 267 [ 44,149,  6] 295 [122,116, 24] 363 [124,125, 96] 429 [133, 57, 48] 443 [136,  3, 17] 540 [103,109, 88]
257: [118,130, 91] 219 [ 26,137,  7] 243 [108,145, 77] 267 [ 34,136,  1] 295 [127,132, 16] 363 [128,130,101] 429 [128, 63, 50] 440 [136,  4, 18] 540 [ 99,108, 87]
256: [121,132, 94] 219 [ 33,144, 14] 242 [105,145, 74] 267 [ 28,130,  1] 295 [125,129, 18] 367 [126,128, 99] 429 [127, 63, 50] 440 [134,  5, 18] 542 [ 86, 94, 72]
255: [121,130, 94] 222 [ 57,145, 23] 244 [111,137, 79] 268 [ 25,130,  2] 295 [135,133,  4] 361 [109,108, 68] 383 [124,128, 98] 429 [130, 61, 51] 440 [148, 12, 28] 539 [ 88,101, 86] 586 [ 48, 62, 55] 608 [ 89, 97, 75]
254: [120,131, 93] 223 [ 69,158, 35] 244 [107,133, 75] 268 [ 22,130,  3] 292 [133,134,  4] 361 [ 91, 87, 40] 373 [126,129, 99] 429 [131, 62, 51] 440 [141, 11, 26] 539 [ 58, 71, 56] 586 [ 24, 38, 31] 608 [ 87, 95, 73]
253: [106,131, 75] 268 [ 28,137,  5] 292 [134,134,  4] 361 [127,130,101] 429 [131, 61, 51] 440 [146, 17, 33] 539 [ 14, 43, 52] 608 [ 85, 93, 71]
252: [106,132, 75] 269 [ 34,144, 10] 292 [134,135,  4] 361 [ 88, 83, 35] 372 [129,128,101] 430 [137, 56, 49] 441 [161, 19, 36] 539 [ 31, 55, 77] 551 [ 33, 84,102] 566 [ 20, 49, 56] 609 [ 84, 92, 69]
251: [118,130, 89] 271 [ 61,146, 15] 292 [137,134,  2] 361 [ 87, 82, 35] 372 [128,132,102] 430 [132, 19, 36] 539 [ 12, 61, 95] 552 [  4, 56, 86] 607 [ 76, 87, 66]
250: [117,130, 89] 272 [ 74,160, 28] 292 [137,134,  2] 361 [ 87, 83, 35] 372 [127,131,101] 430 [152, 15, 32] 539 [  7, 59, 89] 607 [ 74, 85, 64]
249: [120,127, 92] 271 [ 97,162, 60] 287 [135,136,  3] 361 [103,102, 59] 379 [123,126, 97] 430 [151, 13, 30] 539 [  6, 57, 88] 608 [ 72, 83, 61]
248: [119,132, 91] 271 [103,168, 66] 287 [135,136,  3] 361 [106,105, 62] 379 [123,126, 97] 430 [135, 13, 30] 538 [  7, 60, 90] 608 [ 67, 77, 56]
247: [126,138, 95] 287 [140,134,  2] 361 [ 88, 83, 36] 372 [120,123, 95] 430 [134, 14, 33] 536 [  6, 52, 84] 608 [ 64, 75, 56]
246: [128,145, 94] 287 [140,134,  2] 361 [ 98, 97, 54] 378 [122,124, 97] 430 [168, 41, 50] 455 [135, 15, 34] 536 [  6, 51, 84] 608 [ 65, 76, 57]
245: [133,144, 94] 287 [141,134,  2] 361 [ 99, 97, 56] 379 [124,125, 97] 431 [169, 40, 49] 454 [138, 15, 33] 535 [ 10, 69,101] 608 [ 68, 79, 61]
244: [123,133, 91] 287 [141,135,  2] 361 [120,122, 95] 431 [140, 17, 33] 534 [  7, 66, 98] 608 [ 72, 83, 65]
243: [125,133, 93] 287 [142,135,  1] 361 [123,126, 98] 431 [153, 18, 34] 528 [  5, 48, 82] 608 [ 74, 86, 67]
242: [127,134, 95] 287 [142,136,  1] 361 [132,135,107] 430 [151, 18, 32] 528 [  3, 47, 81] 609 [ 79, 91, 70]
241: [130,141, 88] 287 [143,136,  1] 361 [111,114, 80] 408 [131,132,105] 431 [142, 14, 30] 527 [  1, 47, 81] 609 [ 82, 93, 73]
240: [122,130, 91] 287 [143,136,  1] 361 [118,121, 89] 431 [144,  9, 24] 523 [ 41, 55, 87] 538 [  0, 46, 80] 609 [ 84, 95, 74]
239: [118,124, 87] 287 [144,137,  1] 361 [118,121, 89] 431 [145, 11, 24] 523 [ 27, 83,118] 534 [  0, 44, 77] 608 [ 83, 93, 72]
238: [118,123, 87] 287 [145,137,  1] 361 [118,121, 89] 431 [145, 11, 24] 523 [ 26, 83,118] 534 [  0, 43, 77] 608 [ 80, 90, 69]
237: [120,125, 91] 287 [145,138,  1] 361 [102,101, 58] 376 [123,128, 99] 431 [144, 11, 25] 523 [ 21, 81,117] 534 [  0, 43, 77] 608 [ 81, 88, 65]
236: [121,126, 92] 287 [143,136,  1] 364 [123,128, 99] 431 [147, 14, 28] 523 [ 18, 77,113] 535 [  0, 44, 77] 608 [ 81, 89, 65]
235: [121,125, 94] 287 [144,137,  0] 364 [120,123, 95] 432 [131, 65, 57] 444 [150, 19, 31] 472 [136, 68, 64] 490 [139, 24, 38] 521 [  0, 44, 79] 608 [ 85, 95, 75]
234: [122,127, 94] 287 [145,137,  1] 364 [133,106, 87] 443 [148, 18, 29] 472 [150, 82, 77] 490 [141, 26, 40] 521 [  0, 44, 79] 608 [ 87, 98, 78]
233: [125,132, 93] 287 [146,138,  1] 364 [122,116, 92] 443 [147, 19, 30] 472 [131, 90, 78] 491 [129, 21, 37] 521 [  0, 44, 79] 608 [ 86, 96, 76]
232: [128,136, 92] 287 [147,139,  1] 363 [136,116, 96] 444 [146, 17, 28] 472 [137, 96, 84] 491 [133, 17, 31] 521 [  0, 44, 79] 608 [ 85, 95, 75]
231: [131,136, 94] 287 [148,140,  1] 363 [117,118, 92] 444 [143, 16, 27] 472 [124,105, 86] 492 [129, 15, 28] 520 [  0, 44, 80] 608 [ 86, 96, 77]
230: [130,135, 93] 287 [150,141,  1] 362 [118,119, 93] 444 [144, 16, 27] 471 [122,102, 84] 492 [128, 17, 33] 520 [  0, 44, 80] 608 [ 86, 96, 77]
229: [122,127, 93] 287 [150,143,  2] 363 [118,119, 93] 445 [143, 17, 29] 470 [124,103, 84] 492 [127, 17, 32] 520 [  0, 44, 80] 609 [ 87, 96, 76]
228: [114,119, 76] 287 [152,144,  1] 362 [120,121, 94] 445 [145, 25, 34] 471 [121,103, 84] 492 [132, 20, 35] 519 [  0, 44, 80] 609 [ 87, 96, 77]
227: [116,119, 78] 287 [153,145,  2] 363 [120,122, 95] 447 [128, 37, 41] 464 [119,105, 87] 494 [112, 40, 54] 516 [  0, 44, 81] 609 [ 86, 96, 77]
226: [123,127, 87] 287 [155,146,  2] 363 [122,124, 97] 448 [154, 68, 71] 467 [122,105, 87] 495 [123, 51, 65] 516 [  0, 44, 81] 609 [ 86, 96, 76]
225: [121,125, 93] 287 [156,149,  2] 362 [127, 98, 87] 511 [  0, 44, 80] 609 [ 85, 95, 76]
224: [118,122, 91] 287 [159,151,  4] 362 [124,126, 99] 449 [161,108,101] 463 [127,109, 92] 503 [ 70, 47, 66] 515 [  0, 43, 80] 609 [ 85, 95, 76]
223: [119,124, 93] 287 [161,156,  2] 363 [120,124, 97] 504 [  0, 44, 80] 609 [ 85, 95, 74]
222: [121,126, 95] 287 [165,160,  4] 363 [118,123, 96] 504 [  0, 43, 80] 610 [ 83, 92, 71]
221: [122,127, 96] 287 [170,167,  6] 363 [111,114, 93] 504 [  0, 44, 80] 610 [ 81, 90, 68]
220: [120,124, 94] 287 [177,174, 13] 363 [106,109, 88] 504 [  0, 44, 80] 610 [ 80, 89, 68]
219: [115,119, 90] 287 [185,190,  7] 363 [104,107, 85] 504 [  0, 45, 82] 610 [ 80, 89, 68]
218: [116,120, 91] 287 [196,201, 18] 363 [103,106, 84] 504 [  0, 45, 82] 610 [ 80, 89, 68]
217: [120,125, 91] 287 [193,198, 12] 363 [103,106, 84] 504 [  0, 45, 82] 611 [ 81, 89, 67]
216: [115,120, 87] 287 [189,195,  9] 363 [111,113, 89] 504 [  0, 45, 82] 611 [ 81, 89, 67]
215: [113,118, 83] 288 [188,192, 12] 363 [110,117, 92] 506 [  0, 46, 84] 611 [ 81, 89, 67]
214: [112,117, 83] 287 [182,186,  6] 363 [112,119, 92] 506 [  0, 45, 83] 611 [ 81, 89, 68]
213: [113,118, 87] 287 [176,179,  5] 363 [109,116, 91] 506 [  0, 47, 85] 611 [ 80, 88, 66]
212: [113,117, 87] 287 [170,174,  3] 363 [103,111, 88] 506 [  2, 63,104] 611 [ 78, 86, 64]
211: [114,118, 89] 288 [166,167,  9] 363 [101,107, 86] 507 [  1, 70,114] 612 [ 78, 87, 65]
210: [111,115, 87] 288 [164,164,  7] 363 [101,107, 84] 507 [  4, 74,118] 612 [ 78, 86, 65]
209: [111,114, 87] 288 [162,164,  8] 363 [ 99,105, 82] 507 [  4, 76,121] 611 [ 76, 84, 63]
208: [116,121, 91] 288 [162,164,  8] 363 [ 97,103, 82] 508 [  4, 76,121] 611 [ 76, 84, 62]
207: [119,125, 92] 291 [164,167,  6] 360 [ 99,107, 85] 509 [  3, 76,120] 610 [ 74, 83, 62]
206: [119,126, 93] 291 [165,168,  7] 360 [105,113, 89] 509 [  3, 74,118] 610 [ 73, 82, 61]
205: [116,122, 89] 292 [166,170, 10] 361 [104,112, 87] 510 [  2, 71,115] 609 [ 73, 82, 61]
204: [113,119, 86] 291 [162,166,  5] 360 [102,110, 86] 511 [ 30, 80, 99] 611 [ 74, 82, 60]
203: [117,123, 90] 295 [161,166, 17] 317 [141,146, 48] 331 [159,164, 14] 355 [104,112, 86] 511 [  0, 67,112] 601 [ 71, 82, 62]
202: [120,125, 92] 295 [151,156, 17] 360 [102,111, 87] 512 [  0, 67,113] 600 [ 72, 83, 64]
201: [119,125, 92] 295 [162,168, 18] 315 [128,133, 58] 332 [158,163, 15] 355 [103,111, 86] 513 [  0, 67,113] 599 [ 74, 83, 63]
200: [113,117, 87] 295 [164,169, 19] 315 [127,132, 58] 332 [160,165, 17] 355 [101,109, 86] 513 [  1, 68,113] 598 [ 73, 84, 65]
199: [125,132, 74] 335 [162,168, 37] 352 [ 99,108, 84] 515 [  1, 68,111] 598 [ 74, 82, 62]
198: [121,128, 74] 334 [146,153, 27] 353 [ 96,105, 82] 516 [  1, 68,112] 598 [ 72, 81, 60]
197: [ 92,103, 83] 518 [  1, 69,113] 598 [ 72, 80, 59]
196: [118,125, 92] 298 [119,124, 38] 352 [ 93,103, 83] 519 [  2, 71,115] 598 [ 71, 80, 59]
195: [102,110, 85] 520 [  4, 65,104] 599 [ 72, 81, 59]
194: [ 98,107, 85] 521 [  2, 68,110] 599 [ 72, 81, 59]
193: [102,110, 86] 524 [  4, 57, 96] 598 [ 72, 81, 61]
192: [105,113, 85] 525 [  8, 61, 99] 599 [ 72, 80, 59]
191: [ 99,107, 83] 528 [  5, 64,101] 595 [ 72, 81, 59]
190: [ 85, 98, 82] 531 [  8, 66,104] 596 [ 73, 81, 59]
189: [ 86, 97, 79] 532 [  8, 65,101] 581 [ 72, 81, 60]
188: [ 85, 96, 78] 532 [ 37, 95,124] 557 [  0, 54, 98] 581 [ 66, 80, 66]
187: [ 86, 96, 79] 557 [  4, 54, 88] 582 [ 70, 78, 57]
186: [ 97,105, 81] 557 [  7, 58, 93] 582 [ 71, 78, 57]
185: [ 97,105, 81] 558 [  8, 64, 98] 582 [ 71, 79, 58]
184: [103,109, 83] 557 [  7, 62, 96] 582 [ 72, 80, 59]
183: [100,108, 83] 558 [  4, 56, 90] 581 [ 72, 81, 61]
182: [ 84, 94, 76] 558 [  5, 56, 90] 581 [ 72, 81, 61]
181: [ 93,101, 78] 559 [  9, 61, 91] 579 [ 70, 80, 60]
180: [101,108, 82] 559 [ 19, 72,102] 579 [ 70, 79, 59]
179: [ 82, 90, 69]
178: [ 78, 86, 65]
177: [ 74, 82, 61]
176: [ 93,100, 76]
175: [ 96,103, 78]
174: [ 96,103, 78]
173: [ 72, 80, 57]
172: [ 92, 98, 73]
171: [ 86, 93, 70]
170: [ 86, 93, 70]
169: [ 92, 97, 73]
168: [ 75, 82, 60]
167: [ 76, 83, 60]
166: [ 65, 72, 49]
165: [ 69, 77, 53]
164: [ 67, 75, 51]
163: [ 84, 91, 68]
162: [ 89, 95, 70]
161: [ 89, 96, 71]
160: [ 78, 85, 62]
159: [ 87, 93, 69]
158: [ 66, 73, 49]
157: [ 86, 91, 67]
156: [ 88, 94, 70]
155: [ 86, 91, 67]
154: [ 77, 84, 62]
153: [ 76, 83, 61]
152: [ 84, 89, 65]
151: [ 84, 89, 65]
150: [ 76, 83, 61]
149: [ 75, 82, 60]
148: [ 80, 86, 63]
147: [ 81, 86, 62]
146: [ 81, 85, 62]
145: [ 80, 84, 61]
144: [ 79, 84, 60]
143: [ 78, 83, 59]
142: [ 78, 83, 58]
141: [ 77, 82, 58]
140: [ 77, 81, 57]
139: [ 74, 80, 57]
138: [ 76, 80, 56]
137: [ 75, 79, 55]
136: [ 74, 79, 55]
135: [ 74, 79, 55]
134: [ 73, 78, 54]
133: [ 72, 77, 53]
132: [ 71, 76, 52]
131: [ 71, 75, 51]
130: [ 70, 74, 50]
129: [ 69, 74, 50]
128: [ 68, 73, 49]
127: [ 67, 71, 48]
126: [ 66, 70, 47]
125: [ 56, 63, 40]
124: [ 64, 68, 45]
123: [ 63, 67, 44]
122: [ 62, 66, 43]
121: [ 61, 65, 42]
120: [ 60, 64, 41]
119: [ 58, 63, 40]
118: [ 57, 61, 38]
117: [ 55, 60, 37]
116: [ 54, 59, 36]
115: [ 54, 58, 35]
114: [ 52, 57, 34]
113: [ 51, 56, 33]
112: [ 50, 55, 32]
111: [ 49, 53, 31]
110: [ 47, 51, 29]
109: [ 45, 49, 27]
108: [ 43, 46, 25]
107: [ 41, 44, 25]
106: [ 39, 42, 23]
105: [ 42, 46, 25] 571 [  0,  1,  0]
104: [ 37, 40, 21]
103: [ 36, 38, 21]
102: [ 39, 42, 22] 559 [  0,  2,  0]
101: [ 38, 41, 21] 558 [  0,  2,  0]
100: [  0,  2,  0]
 99: [ 36, 38, 20] 538 [  1,  4,  0]
 98: [  4,  7,  1]
 97: [ 27, 29, 14]
 96: [ 33, 34, 16] 504 [  0,  3,  0]
 95: [ 31, 32, 16] 503 [  0,  2,  0]
 94: [  0,  2,  0]
 93: [  1,  3,  0]
 92: [  2,  5,  1]
 91: [  2,  4,  1]
 90: [  1,  4,  0]
 89: [  0,  3,  0]
 88: [  2,  5,  2]
 87: [  3, 10,  2]
 86: [  5, 12,  3]
 85: [  3, 11,  2]
 84: [  5, 16,  3]
 83: [  3,  8,  2] 627 [  8, 23,  5]
 82: [  2,  6,  1] 627 [ 10, 24,  7]
 81: [  4,  9,  2] 627 [ 11, 24,  7]
 80: [ 15, 17,  6] 627 [ 11, 24,  7]
 79: [ 13, 16,  6]
 78: [ 11, 14,  4]
 77: [ 11, 13,  4]
 76: [ 10, 13,  4]
 75: [  9, 23,  6]
 74: [ 10, 23,  6]
 73: [ 10, 23,  5]
 72: [ 10, 13,  4]
 71: [  7, 11,  3]
 70: [  5,  9,  1]
 69: [  4,  8,  1]
 68: [  3,  8,  1]
 67: [  3,  7,  0]
 66: [  3,  8,  1]
 65: [  8, 12,  4]
 64: [  4,  9,  1]
 63: [  9, 15,  6]
 62: [ 10, 15,  6]
 61: [  6, 16,  3]
 60: [ 10, 16,  7]
 59: [  5, 17,  4]
 58: [  6, 17,  4]
 57: [  6, 17,  4]
 56: [  6, 17,  4]
 55: [  7, 18,  4]
 54: [  7, 18,  4]
 53: [  7, 18,  4]
 52: [  7, 18,  5]
 51: [  8, 19,  5]
 50: [  8, 19,  6]
 49: [  8, 19,  5]
 48: [  8, 19,  6]
 47: [  8, 19,  5]
 46: [  8, 19,  5]
 45: [  5, 12,  3]
 44: [  9, 15,  5]
 43: [  9, 14,  5]
 42: [  9, 14,  5]
 41: [  9, 14,  5]
 40: [  9, 14,  5]
 39: [  9, 14,  5]
 38: [  9, 15,  5]
 37: [  8, 14,  5]
 36: [  8, 14,  5]
 35: [  8, 14,  5]
 34: [  8, 14,  5]
 33: [  5, 13,  2]
 32: [  5, 13,  3]
 31: [  6, 13,  3]
 30: [  6, 13,  3]
 29: [  6, 13,  3]
 28: [  6, 13,  3]
 27: [  5, 13,  3]
 26: [  6, 13,  3]
 25: [  6, 14,  3]
 24: [  6, 14,  3]
 23: [  6, 13,  3]
 22: [  6, 13,  3]
 21: [  5, 13,  2]
 20: [  5, 13,  2]
 19: [  5, 13,  2]
 18: [  5, 13,  2]
 17: [  5, 13,  2]
 16: [  5, 13,  2]
 15: [  5, 13,  2]
 14: [  5, 13,  2]
 13: [  4, 13,  2]
 12: [  4, 13,  2]
 11: [  4, 13,  2]
 10: [  4, 13,  2]
  9: [  4, 13,  2]
  8: [  4, 13,  2]
  7: [  4, 13,  2]
  6: [  4, 13,  2]
  5: [  4, 13,  2]
  4: [  4, 13,  2]
  3: [  5, 13,  2]
  2: [  4, 13,  2]
  1: [  5, 13,  2]
  0: [  7, 17,  3]
